01011100111011000111011111010011111001101101110000011110111111110111110100110100110110011100101101101110011011011000111110111011111111100100100110101011111111000111011110
10101111101110101110111111111011010111011101010110101111100111000101101111010110100101110111111110111000101000101011011001111011110111111111010011110101111110111110110011
01011001100110010110011101010111111011101010111101000111111100111100110110101111100110110100111010101010111101011111101000010101000110111010110101101011011011110001111001
10100110011000101101101111111111111011011101110010110111100011110010110100011000111111011011010001111001101110010001010100010010101000001000101100010110110100011110110111
11100000001111000101011101100011100011001100000101111110110110001100001111110111010000010011001111101100111111101101100001111011111110010011001111000110001110101011101110
11010010101001111111001110110101111101001011011111011101010000011101110111101000101010000000101110110101110111100111110001011010011000000111010111101000111101101101100110
01010100111010111011010110001101111010100001000100110110101010111110011111110111100001101101011110010110101101110001011110101110110110011110101101111100010011011111101101
01100000100111011111111111111111100001000010111000000101110001111111101001001000110111111101101100110111001111010110110110110100100111011010110100000110111011111111101111
11100111010101100111011001101010010111010110110001111111111001111100011101101010110011111011111001110110011000010111010111000101111011001111001111011110110111000111110110
10010010101111011011111010011111111001111111011101101101011110010011010001100111001111000111010111001110110000111101100011111111110100101011000101011001110111011110111111
11011110010011110111111011000011111000001101110101100110011110111111001010000011110011111111001111001101101011111111111011011101111011110011011100111101000010110111011111
01101001110011110011110100010000011110001110110101010010111101100110000110100111100010001001110111111111101101000111000101011110100001101111011000001101110001111001001010
11101011011101111011011010111111011110010101100100110101110111011101010110110101111110100101110111111110001001001111110010010001011011101111101010011111110101111111011011
10001101111110100111110111011010110111101111101000011111010011110111111000101100010011001110110011110001010001110001111010110011111001001011111010010111011101100111111101
01010110101111010011010111000000100111110111000011010100101111011010001001011001010000101111010110010010011001111110010011101100001001101111110011101011101011111010011101
00100111011110101010111111111111101010110100110111110011010001010000110001000010111111111110001001100100000011111110101111100111000011010111101100001110011100001111010110
01010111010010010110000101011100101101011011110111110111101111010001101100010100001101001011111011110111101111111101010111111000011111001111100111110111110001111001101111
11111101101001001010000110001101011111110100000011111011011100111101101011100011100100001110111100111111001010011101101101011010111001101011000010100100011111001100110011
11100111111111111101001001111110101011101111011110110111111111111111101001101010010111111110001011110011101001000111000100011001010001011010011101011011100110010111001100
10011111111111100010011011001101101111101001110111000101111110010111111111110111111110010111111011100001110011101100110001011011101111110111001101011000110010100001110011
01010001011101010000011110101100110110110010111111011111001111110010111101110111111001011111110001000011110101111100110110100101000000111111010111111010101101011101011111
11101011111111110001101101101110111100111110000111000011110001011111100001001111101101000101101111011000111101101111111110111110001011110000100000100110110010101010010100
11111101111010010011110010100010111100001111010010011010100101010110101000011011010111111000000111011010101110111001010110110111010100100100111100110011011101100011111111
11111111000101111100110011111111010100000001111100011001101011000011101001011111110110111100111111000001101001111001111110101110001111111110100011111001001111010101111011
11010111011011110101101100100000010011000011100010101111111110110011110111101011110001111100111101101111110111000111110011000111100101110101110001011110011111011000010001
11111001101001111011010100001000111101001000101101101110010100011011110111101111010111000110100011111110110111110100110100011011110001110101000101000001000110110101111010
01011101100010010010111110010111011111011100111001110011001100111101000110111011100111110110011110001111011010011111100101111000000010011111100001101001101011010111010011
11110101010111011010000100101011110000001111001011111110111101001111110010001001000001101110101110011110111011001010111111110111101110110111101011111110001010111101010111
01010011110011011111110101010000101110111010100101010101111101110100100100011101011001101101010111011011011100001011110100111011001110110110000011110011110110010010011111
00110111010010011111110100100000101111001010101101111111010011010010110010101011011111011110001011101110011011011111110111111010000101110000011100100011111101011111100100
11111001111011010010011100110000111001011111001000001101110101000110111011111101110001100000111110110101101110000110111011000101110111101101101110001111110010111110111101
11111111011010010101000100110000001011001111011111111000110010111001010010111101100011110011001111111111100100011101100101101101001100100001111011111100110010011100110100
10111111011001111011111001011110001100000011011011010101111111110111011010110010111100001101000110011011001110001101101101111110111000011111000110111000101100111111011001
11110110111111000100111111110010001001101100111010111111100010111000011110111100111111000101010110110001001010100111010010110011101011110110100011001100101001001101000111
10110110011110011111011001101111110110111011011111101001101111111011001010110101110111110100011101000101100110000111111011110100010101001110111100111011011111011110110101
01000100100111101101111101101100101011001111111101101101101111111111101111111110000101000010100001111000010101110001111111001001001111000011001000100010111010100110011111
01111010100111110111100010101101001101111100110110111110101000110101110011011011110100011011101111110000111011011100111000000100110000001111100100101101111001101011011001
11111101110001101111000011100111010110101010110011000011111101101111011001100110000001100111100001010101011111101000111101111101011011110100111111110011010100000011110001
10100010010001110111110000001000011011011001110001110001001101110011111111000110011111001100000111111100011111111101100011010010010111010010000000110011011110111011111111
01010000110010111100110000101010001010100101101111111010110110101011000111100010100010110111111010011011111110001110101100001100101101111010010101111010111101110101110111
11111100011101001011011001111111011111100101101111001111011111101010011110110111011111111001010111110111110100101010101111111101111101110110111111110111110010011100110110
11011000111111110110011000110011010110011011110110110111000011011111001010101111100010111011110111101101011100111011011110011001000110111010010011100010111010101101011110
00100101110101101010111010011111101101000101111001111101101011000101111110000001111011111111111111110110100111001101001101001111010111001000110010111110100001101111111101
11010110011011101011001110010011101100111110111001101000000011110100001010101111101011111111111110101101101111101111101111011111101101111001100111011111010111001001011011
10110001101111011001100111101100010111111111001011111100101011101100110010010111111001010010111111110000010111100101110100010111100010001111011011101101101010111010110100
11110101111100011011101100100001111111100111000110011101111100111010010010011111001111101100100100110011000000110100111110111100001111011110000111111110011010101010011000
00100101010001000010100101110111111100011011100111111110101001010101111101110101110101011101001000101101010001001101011011001111001010110011111111101011011111101001111110
01101110011110011011110101001101001110011100011011000001010110110110111010111101011101011010111100011110110011011000100101101000101101011100111011011001010110110111110011
01010100000000111111111010010001111011011100111101001001111000010001011100110100010011101011010000100101011111010101110011110111011101110101110100100111011111000011111011
00101100111100111101110001111101101101111011101110011011100001101001010101100011011101001110011111110011011101100101110110110001001011011101111110111100101101110011111101
01011010111010011110000011110101011110110111101000011100111011110110011111111011001110010101110010101001100001011011001000101101011101101011101110100000000111110101001110
10011110100111111110101100111101110010110110111001100110110101100101101000001111100110000011111111101100001111111010110111111111011110100111100001101101100011101100100000
11001100110001000100101111010111011110011011111011100110001111110001111111111011111111111111010010100101011011110100111111100111011101101100000110111111010110111011111111
11111111111011101011100011011110110110001110111000111001001010011110010101101000010000100100111100010011110010110010000111101001110111011101000101011001011011100111010110
11111010101101011110111011110100010011011100001001011000110010010110110101011101010111000111101111011100101111111101000100111011001100111111110101111111111001101110000101
01110101110011011111110110101110111101101110010111000100001111111011101111101110110001101101111111101001101101110010010010000000111011111010011100101110110011100110001111
11111011100110101011011110011011111111010010111011110010010111000110100100101011110101000001110010111111011101001110101100101010011111000101110011101100011010101101101111
10101101111111010111010011011111100001011000010110110010101110110110011111111011100111111100110101110111011101010110010011010110001010000100111100100111011101111111001011
10100010111100101111100110111000101111101010111010101101010111100010101101010010011111110110001100110101110100011110100100010101011011111001110110010001111101010100100110
11101000011110101111101011111010101101111000010100011001111011110110110100011111100111010111110011011111100110101110100000111010011111111101111001111010111011111011010011
11011010011011101011100110000101111100011111100100101111111101101111010110110011101011001001000111110111111000010101000110110101110111110100110011110111100011110010010011
11010001100111111010111100011110101101101111101001111001101110001011000100101101010111101001011010001101110111111000110101111101011100110011111001100101110100111000000111
10110011101101000110100010101001111111111001110101111001011110010010111011011101000111111111101011111110100010111001001011001101011111101101101000010011001101000001100010
10110111111011111111111011101101111110100101011110101111010100101111111100010101111101100111011111111110000101110010101111110110101010100011110000000110010011101011111011
00101111101010100110010001110001011101011100110001000101000011010011001100111010001110111110000011001011000110001011110001100010110110111110111111111001101100100110111110
11101111101111000111011000111010100111000111101100110110110110010010110011001101110100000100110111110101011011011101011100101001010100110010011111110111100101111111101110
10010011011101100011111111010110101101111100010100100111111111111100011011000001101110010010111001101101101010110111111111001111101011111101100010001101010100111110111111
11000101011011001111010111110001101111110110001011011001000011011000101110111010111110101011011100111011011001101011100110110111110011010110101010100101011111000001111101
11110101000001011111111111011110000110100010101100011011101100110101010001101111111000110100000100100110110000101111011010001111101000110101000000011011000110101001100110
10110110110011010001100011010111110011101010111111101110010110110110101011101100110100101101110011100000111111110100101101011101101001001100111101011101010100111111100000
01001011101001101111101100000010111101101111001110111001011000111011010010101101100101101001101010110100010011110010001011100111111011101110111101011011111001011001011111
11111110100110001001100011101000010100111010001011101111111111011001000011001100011101110011111011000111000101001011101101000101101111001111000011101111011101010101111010
01101110001110000101000011110111111110111111110100101001010010100111011101000010101011011010010111110010001100011011000110010011100111001001000111110101011011101010001001
01001111110000110111110111000010000111110000001001101111011000100110110110100011110111100101001101010110000010011111010110101011110011111011100110100000111011001011001111
10101110110111000111100011100111111101011101001111101101110011001001111001011110001110111101011101110111100110011010100011111110100001001010110101111000100011011001111011
11011010000010101001101100101011111110001000111110101010011110111001000000100011101100001000010110110010101110100111010011111110111010111111011110110110001101000110111101
00110101100001100010011111111111010110000101010100111111110101101101111100100110000001111010010101010111111101010100010100100110101011000101101010101111000110100001101111
11101010010111001001110101001011011101101101111110010011000101110100111100101011010111011011111100111110101100100011011110101001001111001100100110100111100111101111111011
01101010111100010111111111100100100111111101110001111001111110001001100011111101011101101010010111101101000100000010111101111000101010011011111001000101001001011110111011
00101010011110100101111111111111001010001111111101111010110111110110101001010110000010100011111010110100011110111111000101110101010100011111011011101010100110011110111010
11110111101110010101110110100011111010010111101000011001110110010111111011010000011000110011111101011011101101010010111100001010100011010111011001111001111111100000010101
10011001101011110011101111001110111010101010101111001111101001010101110101000110100111100100011111101001111011101011101101111110000101011111110111011110101111100111001111
00010100010010011001110000001100110000101011110101101000001010011011100110110010100100010011010100110000001001000110010010110100110000000111101010101001011101011110101000
11110001010010011111011101100100111110101000011101111010111101111111011101110110011011110010010000101110100101011101000111110011000111101110000001100111110001001111010000
10110101111111010011001101100101011000111111010010111010011111101011000011100101010100100111001101101011000100010111111011110111111011111111111011101101111001111010111111
01010011111001011010111011111111011101101011111111001011111111110000001111001110010100011111111101011000100011001011111110111111011000101010101001001011111011011111111111
01100011101010110010001110111011001001011111010010001101011001111001111101101011110110011001111000011100111111110011101101011011101111100011001011011001011011010111110010
11111001101000010011101110100101001010011111101100101000011100101010100110101100101101100101011110011111101001010111000101110111110101001110111010000110111011101010011001
10010011101101111110101110011100100010101111011111001001010011101001011010111110000001100011111011110110001010111111100111110011111010100001101000110010000010100001010111
11100011011011110111110111111100111001110011011001101111011100111100110001100000010011010011001110001101111011111011111110011111010101011110110011111000010000110110101000
01011000111001111111100001110101000111010111100111011010001100111011000110001111101111001101001111100000100111010111111011100100111011010101000110110111100111111110011100
01011011111110101001110000001001110011011111001010111011100111110001011101100101101011111110110100111110111011110011101111001111010110011101001010101111101000111010010000
11100101100111001101110111010010000111010111110100110111110100100110011100000101100001101001001011010101111111000111011101001011001000110001011101110001011000010011011011
01110010110111101101100110101010011000011111100111111101110101010111010110111111111101111001001111111000110011001010000101001100101010111111011001111110100110110101000110
11101111101000011111010110110111001010010011101101010111001001110011001101100101110011111110110011101111000000101000011011110111111000000101011111011100101101111010010000
11001111011110100100011110111011111010101111110101010111011010010101100011111110111011010111010010100001001011111101011111011101111011101111001111110100011110001011110101
01101110011111101011011101111111110010111111100001111011100111111100011110010011010000011110111101010001100011101110010101011110010001110101010110010000001001111101111001
10011000111111011011111111001101001111101110100001010011010110111110010111101010110011001010111010001111011111001111001011110011111000101111111111010001111110100011111011
11111101100111011111000011000111010110101111111011111001111010110111111010110111011110001011011100001010001010000100100110110111111111000111011110101000101111010101010111
01010111100111101110011001011011110111111010110101000110111110110101001011111101101001111001110010000111111001111010011111001110111001101101110000001111010010111110011001
11111000011110000100011011111101100100110101001100110011100101111011000000000110110111110101011001100111110010110010101110101011111011111001111111101001000011110110110010
10001111111110011100000011110111001001101111001110011010111111110110101101101111000100111101101001011011011111110000010110110111111101100000001111100110111011111001011110
10100011110110101110101011111101100000011010010101000100110110111001100111111100100110011001001001111101010111111000100101000111101101110001101101100111100111111010111011
00010101001101001111100110101011111001011101011011101101111111001111000100101010110010010100101111011110010100100010111011001111110111010111100011100111101111001111111001
01111110011100001011111111010011001010011011000100100111001111100010110000111100110101110111110010011000011101111111111100011001010101111110111101100111010011111111010101
10101100110001100001110011111100000111111100101111001100111011000101111000001001010000100101110001011111101001101000101101001110101111011010111110100110101011110110101110
11111011101110101110011100111110110011110101000011011011110010000111010010011101111000111101100101110100110001101111111011010111011001100011001110010000111011111001111110
00111111000100001000111011001011101101111111100011010011111101011000010110111111100110100010100001000111100001011101111101011101011011101101111101000011100100100001101011
10011101001000011101001011110110111011110011100110011110000101101110011001110001010001101111110111101110000000100011110000000111011101111011111100111110110011010011101000
10101111001111111011110111010100000111100011101111111011110001010101011100001000111101110111110111010110111100111110111111111100011100011001000000100001111010011011111111
01001110011001111001111101000000010101101101110001011111000101110011111000010101010000101101001110011111111011010101011111000111000001111100110011001101010000101011011111
10110011111001111100101101100101000110100100010110111111011011110110011011101001100110111111000100011110100101101110001110011001111111111101100010000101110111101010001010
11101000011010111101111100111101100011111111001100110010101101101101100111100001010101001100011111010010111101010111110111111111111101010111011101111001111001111101010111
00101101111110111111110011100111111010110011111011001010111110000110110001011001001110011010100111100000101101111010110111000110111100111101010111001000110101110011000011
01100101101110110010010010111110011000011101000000110101111100011011101111110111111011111111110011011001101011011101110110111001011011101011011011011110111001111111100101
01111110111111001110011110101101111100100111101011100010000010101111100111010101010111111111100101000000101110101010100110111001111110011000010001111000011000101101011001
10101101011011010101110111111111101111111001110111011000101101011011010100100010110011101111000000101011111111001111011010101010101010111110111010010110110001101000110111
11010111101011101001111111011110011111000100111011011001010001001110100001011110101011000110101110010101101111101110101011100110111010110101110001111100110111111111111100
11100010001001010100010100010010101111011111011000101000100000110110111100000110110011100111101101011001111101110000110101101101111111100101110110100111100011101101000010
10010011100100011110111101111101100101011111110101011110101011010111010111001111110101111101110110111110110101111111001011010000010100011100111111110000010100101011011010
10000011111011111000111110010110011100101101011011011101010010110011101011110100001111001111001101111101001001111111110101000001010100010101100110101101110011101111110001
01001100111100111101000010110111101101101011001110011100010001111010011100110011010110111011111111010011011101101100011110011100111001000110111011001010100100101101011001
11001011010001111000111100111101111001001000010111111110100111011101001001111111011111011010001001101100000001001011111000010001011110011100010111111010101100011110101010
11111101011111001111011001111100111001101101110011010010011111010001010010110011011111111100001111100100101101011011000101101000111001100101010011101001110111011010110101
11001110011100101111010101101101100101011111011100110110100101100110110001110110110001100101110110011001110101011011101001010110001100101100011101111010001111001101011010
00100011111100110000111110010011101011011011111010111000011011110011111100111001011011010111011110110111011111101100011001001000011101011101111100100100011001100010001101
11011110010101010101011111011100110000100011101010011010110100011011101011111000110111111101101011111111011010101100110000001001110010011111011101100111000001000011101100
11101000111011010011101011011011010101001111101011111110001011100111111111000101000111111101101101101111101110111011001010100010000110111111111100100100111110101110100010
11011011111101000101000011010010110010011001100100000101000010011011111111111010101010111010011101111111010000011101111001010010000100110011101100001000110111001110101101
11001110111011001110001001000010101011101010000010111101101111101101001001010001001011011111001111111101101111011111011111110110001001111001101001001000111101101001011110
10011100101011101101010100011001110101011001011111111011111101110010111100011110000011101010111101111110011111011111111001111100010010111010111101010101101001111100110001
11101011010000001001001110011111001100111111010110111110100111101100000110000101010100110101000000100111110011011101001110101101100011110011010111110101000111111110010000
11101011101010011001010100111010010101100110111001010101111110111011001111011110100110101011010100101001010100010011111000100011001100101011111111110010001000100011100101
11000001101111111111010111000110011101111011010111101101101110100011011111101100110110110110000110111111111110111010001001010100010100101010000100101101011111100001110110
11100000011110100101111111011111010001011101001010111011001111111110101001010000000111101000110111011110101110110110111000011001111111001111111001010110111101010011110101
01101011001000010011110111111100110001111101011111000111001111001111100001010011110010000111110010001011110011111101110110100111111100000111100111011100110100000110001101
01110011110111101110100100100010101010010111110101101111001100101010011111110111010111010101010101011000110111110111100100101111011011100111001101010101011010000100001011
11000110100110111001101111111010111011001000110111011110110110101011111100011101111110010111011111110001100100111100111111111111000000111011000010011110100111010001110101
01101111111111111111100100111000111110111100111000110011000001011101001101110011111111110100010101100001111010001010100001000011101111111100001011111101110110111011000110
01001100111111111101100011110011100110000001101011110110101101110010100111011011111010101011111111111011001111011110011010010111110110111100001001111011010110011011001001
10110011000011111000011110110011011011001011001111110010111111111011011001101110011011011100000001011011110110110000111111000101111010110000010110011110111101100101111101
01100101001101100010101010000101001001011110101111000011111111011100011000110011110010010100111011111000110110101111111101111111001110100000101111100010111010110000111111
00011010101111010011001000010111001101001000101101100001010101101101011000011011101011111001111101101110111110001010100101001111111010101011010110111111111111110000101110
10111111111000011011101001000110101011011001011011101111011000001100011011110100010000000010101111101110111110001100001110101111101111011000111001010111000010100111111111
11001100100011101100100100011011110001001111111101101000101010001111000111011101011010110111001111101101011000110110101111110000000110010110111001110101000111111000111110
01101110110000101011100111111001010001011101111100010110100111001100011110100011110111100100111101001111100100101111010101111010011110111011010110110101001111010111011000
11100110001000101100111100111101101111111110111011111011110111001101000111111101101110001111110100101111110011001001011110111111000111000011011011011010100111000100101011
01010010111011001011101110011001101001111011010101001110001110101100111010110000110000101110111111000000001010001011110100101000001110111111101111101111100100110001101001
10100110111110110011100110110011111010010011111101011111100100001010111100101001111011100101011000111000000010101111010011111000110001010111101000110101101011100111001101
01011011101111011100010010010011010010001011110011011011110011010111010110011110010110010011011100010111110010110010111010000111001101111110101111011011110000101000101001
10111001100011111010111010011110001101111111011010001011010110110100101100011101010101011011010000010111110110000010101001101010000010100101111100110100010011011100001011
11100000011111101010001101101110001011101001101110011110011011101111111110001110101111100011100001011011100101111000001010010010001101001011001111011100001010010100011010
11010101110110101011110000101111110110011110100001010011001111001100001001100101110111010011011001100111011111011110111011110001111000110110111000111100010110010101001011
11110111110111011101011010001111001111111101011110001111111101010011011111000000101111110100100101010100101011111111110110010101110001111011111000000110101010010101111101
11101101000001110100101110110100111110110100111011000110111100101001001111010010111011110001101111100101011001001011000000101101011011101000111001001001010101100010101101
11011100110011010110101111001100101001110001001111101000011001101111110100011101111000000010011101100011000100010100010101111001110101110111101011110000101011101111101111
11101011111000100111010111111011001100101101111110111101100110010001100011101101110001111010010101111111111011010000011010011001100101001111011111101011110101001111110011
10100111110111101100101110100100011010010011001011110111011110110101001111110110111111110010001010101111111010011110111010011110111101100100101011101010001110111010111000
01101101001111101001011001010010100110110110111101111111110111011110110010001100110010011111011011011110111100111111111111000101011111000010111110011100001101010110011100
01110011011110101010100111111111101000111000100101101000011111000110011100100011001011100111111010111110111011001110010000110000001100100111011011010011110001101001001011
01011111010110111100110010010111111010101111111000011010110101010110111011100111001111010011001110010111101001111011111111111001111100000011000010000110000111010110111100
11010111111011010110100101110111111100011110000100110111111000001110010100010111011101100110010010111001110000001011011011101001101100011000100101101011110110101011001111
11011011111011110010011000101110101111100010110111001111010110011110010011010111011111110111101101011011110011110110010110110111100110110011000101001000001111101101000001
10101111101111011011101101110100110011110111001111101100110100110101111101101100010101101000110111100101101111101111011111001010010011100111100101011000110110010110001011
01111111110001001101001101000111001001111010101111011000101000111111110100111111001011100100000111001011011111000010110010110011101011100100111110110100011111001000000101
11110000111011110101111111111011101111111111111111001100000110011011001100110111100111111011101111111111101001101001110111011000011101100100110111000001010011101000000010
10101011011111101010101101001010100110100111011011101001110000011111001111111111011011010110100011010111011111110001010101101110110000011001111111111111111101111101000110
10011111111001111010111000011111011100111110101001101111101001001111101001011000110011001010010100100100111001101010110000010110110011110110111110001000011100101100101001
11011101111110011101101101111000010100111101001110101101111111111110101101101111010011101000110001101110011101111100101100101001010001001010011110100011100110010101011000
01110011011011101101101110111010111111110011000111001011110111010011001011111110110011011000100111110011100101101111100011010100101010111101110100111110111110010111100100
