001111101000001100011101001011011000001110110101010111111011011010110110110010010001100100111011011011111000100011100110101011101101000010101110110001
001111101111011101001101111110001000101101110100101101001011000101111111101101110100101010100101110101011011011101101111111010100110101101110001110111
110111101100001101001111111001011100110000010010010111111111111101101110111110111110111000101101100111110110100110111111111111001101111000000101101010
111011110010110010010001111100111110111011000011111011101101100000101011000000101011011101011001100111000000110011000011100000011100111111011000010010
111100011100011111101100101110110111111101001100011011001010111110111101011101011110111011111101011010111011010011001110001111011111011110101111010101
111100111110001011100010000001011000010111101110001101110100000001110111001001110100111010000100010101001101000010101011001111010010101011111110110100
111101011011100100110011111100001010001111101001111011010101110111111110101010001111001111101011001001110111000000110111101111111001101000111011101001
000111100011000100101111010110110111000111100110101011110111100000110001110001101001111111011111101100110011111001001011111001010111110111100111101000
111011100110010110001100010111100001101011001011011111010000111110111101110000111010111100101110111100011011010101111100010110110000100110101011011111
011011001001000110011101100111101100100001010010100100011100110111110111100010111101101011110011110111100111001101100110010110011000111001000001110101
010101111001000111101101100101101111101001000000111111110011001111111001100000110101111010001111011001000111110101011011010010011100010000110101101110
010000110110111010011110001010110001101000111101010100101110100100101110101100110010001100011000010001000000111110010100010010000010110111010000100111
000100100001001111001011100100111101111101101101111100110101011010010001011111001111001100110101000101100101101101110011011110110101000111110000110111
010110001001001110110001110011011111111111111011100011001100011101110101101101011111001100010110100011000000111100000001101111111110000100000010110111
111011000001110101101111110100001001110110111110111001001000101011011011111100101100011110110100011001011111011111001101011111101011010110001100010000
111010111110111010010010100101101111011111001000110011011010011011010111001100111111111101001010111101011001011001110101010001011011111100110011010111
000111001111110101000111100111111110111101111110111010011110011100111111100101011110111101010011010011101100111001111011011001010111010111111011010110
011011000010101010100010110101011011010100001110100011001110110110111110111111100101111101100011110111110001100011100111011111110011011110011110101111
000011110010011001001111100111111101110011100010100010011000111111011011100101111101110010101110100000100011111111000101111101011101110111010100101011
100100100101010100000010101000000011110011001001101100100011011111110011110110111111110110111111110001101011011011000001001001111101011001100101111100
111010011111101000100010010000101011011111101000100111111111111111111110000110101010111001010110011011000110110000111010101111111000101110010000111011
111010011111001010100010100001010101111001111000011100110000110001001110000010000101101111111111010111110111111001110110110111010111010000010001011101
001001110001101111111100110101101111100101010111001011010101011111111101001110010010000111000110111100110110001101011101110111101111111111011011010001
111100110110111010100000011100001010111101000000001101100011000010001010111111011001111011111001100110100110110011110001011000100101000000110010010111
011110100110111111110110000101001101011001011011011010110011111110101010110111110101111100101010011101111110110101101101110011011011101110011110110010
011100111000011001001011001100000111111111011111100000111000011110110011000010101010000001111000110111110100011110001010110111110111000001111000111010
111110100001000000010001010001101011001010101101111011011101000111011101110110001111111110010111010111001111101010101011010010111101110000111101011111
010110111110101111100011110001110111111111010111001101011000011001111001010101111101111010100011010101001011110111110101010010101101010000010111110010
110010011101010010100000000001110001001101110101110111111111110001001101001001010111110111011111111111001011110100111001111001011111111001110101101000
101001001110010111100110101110111001101010011101001001011111111101010001111010000010110111100110100100101011011101011001111111101111110110110010101010
000110011111100110101010001111011111100100010000110010111101011111100011001111111011110111110000001011100011111001101110011011100101111011011001001011
101111010001110011100100000111101111111000101101100010111100001000111111010000001011111001111001011101111010001111001101110011000101110110010111111000
111101100110111111101011101001110001000110101101101010100111001111101001011100110010011011111111011101110101001011001111111111111001011001010011001101
001110010110110110100110110100110001100101100110000001100100110101111111110101110111100000001001000101011010101110101011111110011101101111101100111011
000110110010010111011011011100110001100011001110111111111100011011111111101111111101001111001100010010011111100010000001101111011111010111000010001000
000010011011111101111110111111111110111001111000000111001100101001010101101001111000000100101111011100011011110111100101111111011111010001100011001110
011110001111111010110111010101110111010110100011111000100100100011111111110110101000001001000111110110010010100111110100010101011111111001111001110010
001111000000111111111101110100010001101001010111101011011110011010111111111001000001111101110101001101101001010111000100001100010001111011011001111100
110110101011110110001101111111010001010011110101111001110011011100100011111001000111010111000001101111101010110011110110000111101110100111111010011111
110011110000111111001011010110101100100011101011001111100011001011111111111011111010110100001100111111010111111111111000001101110010111011100111100110
100101111000011100111000011101001010101101001110111010100111011001110011011111011110001111000110101110100111011110101011011000111111001110010111011110
010111111110110110111111110110000111011110000100101111100011111010001011111111110101111101101111110011101110011110110111110101010101011111001110001111
110001110001111010101100001010011101101100011111111110101100111111111001011000010100110111010001011100111101101101111110101111101100111101010000110010
111000000101011010000110110111100001011000100010100110010110010111111000111010100111100111011111000101100100111101010100101011011111001110100000101101
000011101001111111011100111001011011000110100001011100010101110011001011111000100000010011101110101110100111010000111111000010110110111111101100101000
110011010001101011000010011111011110011011100011111100011010101111111001111100011110011011011111111100111111101001011101011100010010110111010100100101
001101011100011011100010110100000110110110110101111100111011111011111010111001111010100110101111010110001111101110111101011001000110101000001101111110
100100101001110000010010111111011000111100101110001001001001101100101111011100011000101010011111110001101111111001111111111101011110110001101010110101
010100110110111111111000011010111010111011110110011100000010100111011111111001111101111010110100001101011101000100110100111100011101011111111100011111
101110101011101110000100101010100010101010101110101011000101111110111101101111100011011001011100111101110001111110110001100110101011111011110100011010
010111111010101010010111101101001010111111101111110100000110111110111011101100110111110111110101011101111111110011110110110011010101101100101011111010
111001001111100000011101000110000011000101111110101010101011100001011111101011001101100001010010110000011111011010011110011011111110101000101101111111
101110111010010111101010101010111011010111110000010101110111110001100001100110110100101111001111110011100010101011101101111111011100101011001001001010
111111111010011101001011001111000111011101000001010010011111100011101011001111010111010111010010111111111011111011110101101111000111001110101100100110
101101010011100000011101110010111110101111100010000110001101101011100110111101101101100011101001101110111001011100111000001011101011001111000010011110
101001111110100110101110111111110010011000011110000011001100010100011101110111110110110111001100110001110001100111111100100111001000101101011111111111
111110000101011111101000011111110011010000100111000101110110110000101011110111110111011110011110000111100101110101101001110001101111001100111100000101
001101110101110011001010001011111111110010111000011011111011111101010111010011111010010010100110000011111111111010010000001101111010011010010110001111
111010010011000111011001100011001000011111010110101111001100001101101100111011011110001100001011010111010111111111101010101001000111001110111110011110
111100110010100000011011101011101000001111001011010111100100001111111111100111101110001111010111110001111010001011000111110100110011010011101101110111
001110111101001001101100100011000101100001101111111111101100011001011111110110100100111111110111110101011011111101010110100101111100000011011110111010
101010101100110111111110110111100110011011111010011010011100101111111101101110101101011101111010101101111111010110010110001011100111010010101000100001
101010001010111110111010110101111011011111100111011000100111110101111111111101111011110001010111111011000110001100001100111010110110010001110010110111
011010101111010011111010111001101100001000110101111000010111011000110011101111010010110110000011101001001100011011110101111101111011010111011101000111
100010101110101101111011111000101010110101111110111001100001010000011111011111010101111010111010110111011011001111010111001100100110110101000101101111
011001100110011100111110001111101111100110111110100111100111111000101010001001110111000111010010101100101110111011001101110011001100011111111101011011
111111111111010011011010110100111110111110110111011011101011011101001000111111001110001101100101101001011110101010111101111000101010110101010001111011
110011111110111111111010011101010111110110110110111100010101111110001111100010110110111001111110011100111100010000011111011000011001010101101101111011
011110101011001011101111101110011110110101111111111101011011111011110001111111010111111011011111101111010101101110111001011111101101010010101010100010
111011101101010111001110001010010111110100000001110100110111111010010001110111101001100100101111111001111100011101011010000100100100011111101010010001
111101100101001111111101110000110110111111001011101101101101101111010000110111111111101101010111101010011110010001011111101001001111010100011110110101
010111011110111110110010011111111111111111101101111111011101111110011100111010100010110111000010011110110110111011011101101001010111011100111000011100
111000111111011011110001101001000111111101011110111110111011111100111111000111011010110001111000011101011111111110100001110011010101100111011011011111
101010011000101001010001101101011100111111111111100000111110101010101111000010001010100011111010111101100100101010101101000111111001001001011011111111
011011100001111101000011000011101011011111111111111101100010011111101001000111001011101101101100001010111011110110110011110001111110010000011110000001
011010000001111111111011101100101110100011000101011011111001111110101110101000010011110111000100111010011111000101010101101101010011010001110000101110
101000100100100001011111111001100010100111010000010111011111110110111111111001001101001011000101101000100001111101001101110011100010011000110101100111
010011010000110011100001100110100111011111000010110101111111001111101110101010110111010100110110101110110110110111010110111001111100010111011000101011
011101011111001101111000110100101111100101011010111010111101111001010111000001010100111110110001001100000000010110010011101000101111000110100100110110
111011001111010110110011100110101111000111100111101011011110001111011010100101101110000000101000010000110011001101101111010110000111101011111010011101
001110111100111110111001011100110011100110000111100100100111011000100110111010010011001100111101100011111111101010001011010101100001010111100001010111
011011100110111111110100101110000110001011110100101111111011110011111010000011110010110011111100011001010110101101110101100111010110011101111001010111
001110101001110110011010011011111100001110010110011001011111001101111011111101011101100011010100100011111010101101001111111011110111101101011010000010
100100110110110101110101101110110110011001010000111101101000011011001110001111001010110011110001010000111000000111100011000111111011011011101011111100
111011011110000111111101101111110100010101110011101110110000101110011111111100100111011101000111110100101011011000011101110101011101011001010000011111
001111011010001111111001101111111000011101101100111001011100111110011001100101100101101100111111110010001110110001100010101010100011100001111110111111
011111111111111111001101101100011010110011000101110010001011110010111010001010101000110101011011110110010100111110101101011111110111100110011100101111
100100111001111111010110101011100011011111110010001011011011110101100111001101101000111001111011101100100011011011010001110010101100001011111000100001
010011110110001000110111001111101010001010111111101011111101100111001001010110100111000001111000110101100011011100011011010000111111100100101100111101
000110110100000111001111010011111010111011111100011111110001111001111011111110000111101110110110010111100000000001111011111001111100011001111111101100
111010101100101001110101110101111001010001001010101000100100110010110100111001111101010111010100111010010011010111101001111111001101110111000001101111
100110010101111010011101011010111000010000110101111101001001111011011010110001101111011111101110110010111111110101111000111110110011010111110100111001
101110111011000100110101110010011111000101011111010010111010010010011100111000011100011110010101010101011111110111011111111101111011111100100111001001
011011011010111000111110001011001011110111011111111010011101101000111110001111001110110001111001010000101101101100111011001100010011001011010110101011
100000111110010111111110101111001001100011011111000111001111111111011111010001000000111101010000101001011010011100010111110011010111101010111010101011
111110110110100011010101001110011101111001110111001010100011101100101110000010101001111100001100000101110011111011101010100000101010001111100110111010
011100011100010101110011010011000000101111001101010111110001111111101110010111001010111110110010011010101011101111111101110101011101000111011111111111
110011001111001111011110111110011011100101100111011111010011101010010101110100010101111011111100101001111110011110010110101101111010100111111010010000
100010111010001100001010100010111001011110101100111001100000011101111111111111100100000100100010110110100011000010011100011101101010010111011110111111
011101011100100101000111111111011101111110111110111001101010110011011001110001100000101111001001001011001001011111111101111110010000101011111010110011
101110000100010011001101011010100010101111001010000011101110001010001011001101001010011001110000101100010011011110010001001001111100011111100011111011
111101100111111111011100111110111100011101010001111011011111111110101100110000001110000011001011010100100101010111111010101011111110111010100111010100
101010110100100011110111110001111000011011111101011011111101010001010101011011011011100111010101111001001101001010111101101000110101100111110001110111
111010111000001101000110110000011111100100100100111101110111110010111111101101011111001000111011010010000011011101001010010111111111111101111001000111
110011001000001110010000101111010111011001100111101101100101110111110110101100001011110000011110110100100010011000011001010001111111101110101011000110
001001100110101010001111111000001010000111111111101100001110011101111111110101001100011000011100010001100000011110110101100011010101111101101010111111
011010111110001000111111101111110111101111001111001111000111111011100011101101011110110110111011111010011001110111101111111001011111000111010010111110
010011111110101101110100001111101011010110101111111101111110110010001000101110011000100110111101101111110010011011111101001110000111111110010111001100
101100010011110011101101101110100111101100110111011011011110100001101001111011001110011000011101100000000010011100111010111001011001111100010001110111
010110011011011110111101110111100001011111011001011101101110110101010111101011100000111110111011010111011111101011001010111111001000001010011101100011
010000010101111110110110011001111100000111110111010111100111101111101101110010011110101110000111110110111101110011011010111110011111010111111100100100
011000001111111000100010110111010101110111110010110000111010111010001100101111110111001010111110110111010110100010101011110011010010101111011110001010
101111000001001001110001011100011111111111000010011111010111010111101001111001101001001100101001111111100111011100100001010111111111110001011111010111
110110011110101111110111100101111001111100110101001011011011100111000111000111010111010101111001100101010011011000111000010111100101100101010111110111
111001101100100111001101101110100101101111101011111011111010000100101000111000010101011001110101100101100111100111000111000011101000011101011011010110
001000101011100110001111000111000000101101111111111101110100110110111111001101100100100111011110111111101101101001000111101001100000000100001010110001
011011011010001010001010111011111100000110101111000110111010001001111111010010011010101011111101101101111011111101000111110011011001011110010100100001
111010101101001101100110100100111001111001111111101111010001111111110011010111010110101000001010111100100111000000111001101011011101110111001000000111
111111110110100011001100011000101100001011101001001100000011110010010110001001111011010011001111010001010010111100111001101110101011110101111110110000
011101110010111111110011101111011111000011001111010011001001000111111011111110111111101111101110100110101111000110111110010111111110110011011011110110
111100110000010000101110110011011111000001110001111011011011101101100011101111100110110101111011110101100110111100011110011110110110011101011001110111
011000011111101111100111111111111101100011000111101110001001001101111000101011011010101111111010101100011010111111001001100100100101111110110011101111
111011110000111011111001000011101111010110110111100111100110011110111011000101100010011001111100011111100011111000010110100100101111111110101010011110
001011101100111001101110010001001111111101100101110011010101100110001100010100011101101000111100111100010001011011000011111011110111001111111011010101
111011101111111001001110111101111111001000111000011111110000011001001000110010010111011100110010000101010101011111101111100100000110011111011100011111
101011110000011111111110110011111011101101110011001111111110110101001011111111001111101001101010111011011110110111111101000100111110001010110110000011
110000101000111001011011011101101000001110101000010100101101111110101100011011101011011111011001011011111000000011110011111101000001111101111110110110
000111111110110111111100111010001111110111011101101110000101101100010001111101000111101011011110110111111110101110001101100101001000011101111000001101
101110100110011100111010101111001111101010110001110110111100100101111010011001100001100111101001111011011010111010101111001001010001111001101011011100
111110010010110010110111011111110111101011111011101111001010111011001111101001110110101111100010100011111111001011000101111111000011111111111111111110
010011010001011111000110110011000011101110011111010101101111011110100011001110110111011010011111011001011011001110000011101111000101011001100101001111
101010110000101111110111111111111111110011010000111001101011010100011011110100111011111010111110100000111111101011001110011100101110111101111101000111
011101111101000100101010101011110100111100101111011110010000000010100000100000010010011010101010010101111101100111000111011000101101010111010011110000
001110010111001111110110001111111011110101101101110000000101011111111111001111001101100001111000001011010101101010101111111010111111100111111111111111
011111100100000101011010100010101100110111111010111111111110000001000101010010010111100101001111000111011101110100101000111111111111000101000010001100
010110011001111111101010100001010110001011111100101001111010000111110111100001101110001010111001111010111111101101111110111110110101111010110010000011
100111011001101011101010100001110110011111011100110011100111110101001100100001111001001100110111111111101011011100001101011111000100110100101011100110
010101010101100010110010010010101111111101101101110010110001101111110100110101011111110101110101111110110110001111100111100110111111111000011100001110
110011111010100110010001011011000101101100011001111101001011011001011101000110111101010111011011010111111100001000000010011101111111010110000011111011
010101100011100111101111111111111000111010100100110000011110101101100011111111010110111101010110111100110011111111101011110111110101110101001011011111
100111101000001011000010111000100100111001001011101111011011110101011111111001010111011111000010111100011100011110110111101110111101010011010110110011
101011010010001001110000101110010100000111001110110101011111100111010010001010100000011011011101101001000001011111001010000011100111010001001010100111
100011111000010111000011100101011011001111000001001000110110101000001110111000010011010001001111111111001111000111110011011101101100111110111101101010
011010111110000110010110001110111001110110000010001110010001000111110000110010001101000001101000100011111001110011100001110100001111110010110010110111
111001110111110001111000110111010100110100111111001101010001111010111010010111100001011111110111101110100110111001011011110000100100110010101111011111
110111001100111110011111111100010100111010100011111100110011101001110111110000111101110010010001111111100110100011110011101110101100110000111001101110
001000111010000001111100011011111111011011011010111110110110100011110001110101010001111011111111101010000111000100000000011010011110011001110010110010
010011001111110111010101001000001001011111010111100101111111001110000011110110111101111011100000101001111111101011100101111110111111011011010101110011
011100001011110111101001111101100101101111100010111111110111101111111000110111101110111000100111101110111110110111100101111011100111010111111111111101
110010101101110101101111001000101100001001010101100100011101011111110110111011011100111110111110101110110100110011011100110111010011010100111101100110
