0011111110110110010011111100011100111001101111111110111101101010111001
0011101000010110100111111111110001101010100111011001111100011011110100
1101010100100110111111010110011110111100101001101010100010100101111000
1110000000111111000001001011001000111111011100101010110111000101111001
1100010111111001001010101011001001011100010001000111101101001100110000
1010101101111110110110010011101010110011100001000111110011111001101011
1100010110111010011011011001111000110101101110010011010100110001110011
1010111001011100101100111001001001101110101000111110101101101011100110
1000101001000001011011111111101110001001001011011000100111100110000100
0000110110111111111100110011100111110000000001110101101101011111111110
1011111001011010111101000110101110110001010111001010101111111101111111
1101111101101011100010001111101011000101011010100101011101110101111111
0001111101110110111101110110111111101010011110011010001101000101001111
1111010101001001011010100010001011101111001100110101101010011111110111
1111011001111001011110011011110100100000111101100111111110011111111011
0001100011010110111011100111000010011111111110111010001111011111011100
0110010101111001000011111111111011101011101110000111011010101011100111
1010011011101111000001110111011011111110011100101110111111010110101110
0010101111101111000001111000001110110111101011111000111111101000110111
0110010101101010000001111100111101110100111011111011110111111110000101
1110111010010111100000111000000110111011001101011000110001011110100111
1111001010101001111100000001101111000100111110110111011101101100110101
1100100111001101111110000010110111101111010010011010001001100101000110
1110011111001010111110001101110101100011010011010111010101101001101011
1101101110010010101110010011111001110101001111000111110110111000010111
1110000010111001110100010001001111011111011100011110010100111111111111
0111110011111111110000101000111110000011111101010100011111001011110101
0101111111010011110001011100001101111110101111110111001100100111111011
0100011011111010100101111010010111001111000000010111101011001110000010
1110001000001010110100111010100010011110011011110001110111001111010100
1011111110111100111101001111000101111001111001100101111011010000001101
1010000011101010001111110111101000001100110000001110111101010001101110
0010010011111101111011100110110001111101111111111101000001010100111100
0100100101011100110101111101101010101111111001011101111110010110111110
1111011101101110111110111001001011001111110011110100101010010111001111
1011111001100001011110001101011010000010101111010110111001111010110001
1111100110001101110010100101111111100111011111000111111100011110001101
0011101100010101011101101101110111101010011100110111001000001000100110
0101010100001101111010110111110001111101010100001101111011111001100110
1001011010110101101010111110101011101010000101011011100111111010011111
1110011100000011101101000011001111110000011101010011011110110100011101
0001100000111011010101110110011111101110100110100000111100011001111101
1011001110011111111111001111011011011100100101111001011001110111100110
1101001000101111110011001111000010011111111010101010001111111010011111
1100001010111001101101111001010010111000010100000111001111011001011110
1110110011100010001110011011011011111001101000010111011011111111011011
1011000101010111011101000001011010100100011100000000000100111011111101
1100001111001101001111110111110011110101101001000011111001110111000110
1111000110101001011110100100000111000011001100000000001110001000001111
1000110101010110110001011111101111111110000011000001101110001010110111
1011111100101011110101111101100100011101100111010001011111011000111111
0100111001010110100101011001111011001111101011010110101101111111101110
1111110111100110011110001000111101111011010000010101000101001101110110
1101011000010010111111011110011101011010111001010010001110111010000100
1100100101111111111001100011101101111110111111011111010110110111100111
1101101111111011011101011111010101001001110110101111111011111110100000
0011010010100111111100001010111001100011100111001110011101110111111011
1001110111111001011111110010111110010011001111010011100110001001111001
1010011110110000101101111101000000010011101101110001011110011111010111
0100011001110111010110001100001111111011111111110011011110101110110011
1100110101100111101111011110110000011111010111101111110101110111101111
0011100011111111010111100101110011101000101001010001101110111001111111
1100000111000111110110000111110001111001001101110101011110111001101011
0111011101111111100000110111010100100010011011110001101011101110110111
1111111101110110111011010111000111010110011000100111101111011111010101
1111101001110111001001001111010011010001110111100110100011110101101100
1011010001111011010000010101001111101001110111101011000011001110010110
0100000111111101111111101110011111101111111110111111111000101101111000
0000011101111110111010111101100101100111001111011111101010111111001000
1001011000111110101111011111001000111001110101101110001011111111100000
