000001111101110111101111011100011111111001010101110110111001001111010000001111111111111110101110111111111110000001000111
001100111010111110111010001000100010011001111010111110110000011111101011100100110011111111010111111000101111010111000110
010101101101001101110110111001110000010111010111101111111011011010011110010110000111001111110010111000111011110001000011
011010011111101111000000101110110001001001111011101111001001110100010111011010011111110011110001010000000110111111111000
000101101011111000111001100101001011101010111010011110100110010010011011000101111000111111010110101101011000100010011011
101010010101111110110111111111011000001100010110101011101101110111110111001101110110101100011011110011111100100011000101
111010001011011010011011111101110111000010001010110101010101000101011111100100110001111110111111010100100100010001000110
110101001100000011110110101011011101001111111000011000101001110110011001110111000111010111101100110011111010011111001110
111110110101011110101011010011010011111111011000010011101010100010010001101101111011100001100101111011000101110011111101
101101011001110101111111100011110011011100100011110110000100110011111101011101011111000000100101001100000101111110000101
010110100001110101001111010011011111001110001111111100100000110111101100110001111111111010001011111110100000010111100100
101111101110110011111011111111100011010111101001101100011101111111001001111011001111101011001111110011111011001110111101
110111000111010111011011011110001100110001111001111011110001011111111110110100010101010101101111101110000100011110000011
110011101111101111111110011110011110101010000010000011111101100100100100001010001101111111011111001011101100100011001100
011111101000010011011011111111001111001111101100111001000010011001110101101101001111011100101100110111111110011111010011
111101001110110010110111010101010011101100110110110111111111111100110100100101011101111110101011100011111110110101001111
110101111001111101101110111010111101101001010001011011110011100011000101101010000000001011010110001011010111110101111110
101100010111111010101001101101010101001011101011010001010001011100000101001111101011111100101100111110101110111101101001
111011011101010111001101001011100111101111111101011111111010111000100011010101101111111101011110110101011111011101111111
011011110101111100001001100110111101110101100111100111111011101001100000110111111010001011001110001101001100011111000011
110010101111111011110110110111111110011110111010111111010001001011011011011000011110111010001110100110001001111101101011
101001010110010110101001001001010101001010011000111010010101011101010101011011000111000110110110101110101010110000011100
111001111111111110001000101100110011101101111101110101100111011110111000100111101111110111011101010100111110011111100110
100011101111101101110100101101101010001101010010011110100000111011100101100111001011010100110101101011110111011011111011
001111110101001011011011011010111110001010100100100000111110100001111010010110111010101100101001100111010011011110010100
101001101011111110001000101110111011100110111110101111101010101111101100000101111111001001010010001110101111011111101000
111101110001111011100111110101101101000010110110101111000111000111101101001110011011101011110111001101001111111011111111
100111100001111101011011011001110010110101011011101101011011010000110111011100110100111110011000111011110011101101111001
000101011111111010111000110001100101111010100111011111011011101001000101110100101110011000000010111100110001101011011110
001011111111001101101101001110101010011101110011100011001111000101011110011111011111010111101110111111110000110011000010
011100100101000010111011111111001111000101000110001000010001101101011110001010011110110110110011011100101010001110101111
101101111110010111011110110100001111001111011110010011111001001001111110010011001001000001100111101111100101100111100011
100011010010111010011001111001110011001111111100001101110011010111011101011111010011010111011011111111111111101011111011
100000110010111011111100101010110011101011111101101111011111010001011011011111010111001010000011111111010110010101001110
110010101111011100101011110101111101111011001111000001100101110100010001110101111001111001110101100101010010001000110111
100110111111001111110110011010111110110111110011111110111111110110110000110111110001011001011111110110011100111100100101
100010001000110110110010010110000111010011010101101111001101011101001101010011010101100110111001001101010000011101001111
111000001101100000011000000111000011101101011110100110001011110011110010001001111101101010010001001111111111010111111001
110111011110011111101111100011011110010110001000110111010011011111100110011111111001000111100101111011110011111110001001
001001011111001100111011010101111001011011111011111111011101100011100011010110111111101101001001111011011110110111011101
001010111011011001101100111010011111101101010111101000111111111111011011111101111111010100000010011010100110001111110110
111100011001101011110011000101111111110110111111101011101110011010001110100101100111010100111110110001111111000010000011
010110010101101101111010111011001101000101000010111010110111111001110111110001101001100111000111000011000100001110100100
111111011000100110101111011101011101110111001011000111100001011101111011100110010011101001101011111100011000110011101110
010110111011101001101110010100011110011101010011111001111111001110100111111111110101011011111101011011011110011000001100
101001000010001100110010111010111110110011000000111110111010101111100111000010100111110001101000010011110100100000010111
011111100110010101011001011111110011010111111001001110010111101101111101010111111110011110001111100011110100001101010111
101100000111100011110010000111000111100111011010101101110001110011100000111110011011000111110000000101101100001001000101
111101100111101100011110111101000101111111101101011111101100001111000111001010110111111111010111100110110111011100011110
110010111110101111101111000010010001001100101100100011110011011000010010101010111110111000101010111100110101010110111111
011111010011101010101101011110101101100111101111100111111001000001100011000100110010011010110110100001010101010101111111
111110100111000100111011011110001101111100010111101010110011001110111111100000000111001000010001110101111001101001111000
111111001100110110111101011011010101111101110110111101101011111011111101011001011011000100011110100111110101100110010011
001101101000111111111010011111011110101101011001111010101010011011101011011001111001111101111111011010011101010010101101
111011011010110110110011110000011011000011111101111111001100001011111000000000110001010011101110110101111001101100111110
111000100001110111111100100110111101001110101111011100001100110111011001111010000100100011101100111101110000100011000010
101101011001010100110000110111010101110111001100101011110111001010101010001111010101010011011101001101101001001110000010
000011100101010100000110101001000111100111101010100000111010100101000100010101010111011001110110011100100111100011010010
001010001000001110110010111111001101011011101110010111001101010110011101011001001010100101001111101100001011010110110111
101101110001110111011110001111111111111110111011011110001010010011101000010010010111101011101000010010110011101010001100
000101011111010110110001110010100011010110100111000010010100001101111000101111011101110010001101100011011110011111010111
011111010111101101100111000100001111111011110001010011010011001011101011101100001111100010100101111111111110111111000110
111000000001101101111111010010110000101011111110110111101000110111111101101100110010011111110000100010011110001010001011
110101110011110101000110011001101011101010011110100100010110101011000111101111110101010110001001000110001111101110000101
111011011111100010001011011000001001011111001101100111111011011101011101011001001111100110110101011111101111111011110000
110001100111101010011101111011111100111110110111101011110101111110101101010101111110011110111001111011111101011011011111
010001000110111100110011111100010001011100111111001111101001111001000111110001100100010110000101000111010011111111101001
101111111100101100001110100101111111010010110010010110110010101010001101011001110110111111101010111010110110011010111111
011010110111100000001010111001111100100011010010000111111011111011010110011110011111101111011011001011100011000111110111
001101100110111111000101011111111000101001101110100110000110001111111001110110110101010100000011010101110110111010111111
011111100000100000101000100101110100011111111100111101001000010100101001010011100010111101000110101100001110101111111110
010111111101001011101101001110001110100110111110101111010010011111110110001101011011111111111111101111111110111111101110
010000111011101110010011000010000011000011111001010100010000111100100100010101100111101111111111001100101010101101101011
001100010111100000111100100111011111101110101011000011010111000011111110100100110101011111010011111110110101101110001011
100101001101011011001100001101101100011010001001110011011010111110011001000010110100010011110101111010010010101011101100
111011111100101101110011111111001111001111011011001000001100111101001101110011011100010001111011110100110011111011111101
101100010001010011010111101001111101101100011111110000011001100100001110001100101100110010011010111011100001100110000100
100011011111001101110111010001011111111011101010000011001110100111110011100100010011100010111101011011110111110111010111
110011101010000001110010110110000011011111101110111001100000001101110110111010010101100011111100010101101001111001010100
110111101110100100011000111101101111111110011011111011101101101101011101011101101001010011111110000101101100001101001110
100110001111011101111011111011110010011110100011010011000010110011001001000110010100011001011111010000111111111001110000
101101010111111100101110010111100100110111001110110100011101110111111100111110101010111000111111000010110101111101010111
111101011111001001111111111011101100000111010111111110000111011011011011100001000100011111011001110100110000011101111101
111100111111111101100111011001011111111111111101100111101101110110001101110001110000110011101101110000000110001011010101
110111101011010101101010101100100010110100110100110001010011110010011011100011100101010011111011111110111111101101101011
110110110010111101101011000111101011000011001110111001101100101101110111011110011111101100111101010111101000100111101100
111011100011011111111000111110000111010100011010111101000101001001011011110000001110010111100001101111010001101111100001
111011110000111101100111100101101000101111100011100011000010001111111111110000000010011001010100111000011110111011011111
111110110011010110011110001101101100111000101011101000111001111111111001111011110011101001010110110100011000011111001110
011110011001110010110010011001011011001100111101100001111111001000011011111100111011101110010111110110111101110101011110
101100111100101101000101101001110010101001011101011001110101011011010001101101110101111000011111000010011101101101010100
011111100000010010100111011100101011110001001001101111001100001011001001111111111110110111100101101001000111100001011010
100001110011111101111010100101001001100101011110010011111011100101011001100111111111110000100111000101000010001011110101
110010111101111011111111001001010011001001101010101011111110110010100011101001111101010111111000011101101010111111110110
111011100011110110111100011011111101000011110010111011100110000000011111110110011100100011101001100110100110011111101110
010101101111110100000011101000111111111100111010100101001010110111101101111101001111111001111010000110111111100100000111
111011011011101101101101100111011111001101010010111110110010111001010011011110000011101111010010010100111111111101101110
111101111011001001100010000111101101001111011100010101110101010011010100011111101011110111000100101000001111110101000011
111010001110110011010101011111111100111110011000010001011110010011011011111011000000101100010100010111000001111111011110
100010100110101001111110111011111111110000010001110110111110010110100111110100110010111011001111101000101111110101100100
100001011011111111001101110101011101011110101110100011000001111111111001011011000100111001100011001000110111101111011010
100011011001011110110001101101011110111101101111001110111000110011101101000011110000011000011100001000111100111010110100
111001110011011101000111010111111000011011000111110110111101010011011101110111111110110001000111100111000101100110011100
101011010001001110100011100111001111111101011110111111110001111001110101011101001110101111100001100011001110011011011000
111011010001011101111110011000101001010101011001000101101010111111000011100000111000110111100101110101010111100010111110
110101101100111111110011011000011101010111101111111011000100111111010111010001011101100101110011110111111001001110001011
111100010001001111100111111100101110011111001000100000000111111110111111101101001001100100011111110110011001111001110011
011000001101000010101001111110011000011001000000111111101111000111101000010111101100101001110001111110101110011001111111
001111001100010111001100001111011001001100010100000110110101010110100111111111101100111101110101111111101010010011110001
011100111110101111111111111001000101111100011000111001000010110011110101000101101110000111000110111101010011101111110101
000100010101101001111011111110101011101010101011100100101001111111110111111100111111101110101110101011010111010111001110
010100010111101111111010110100110101111110100010111010101010110100101011110011010110111011100111111110100100011010011011
010111011111111000010011111011111000011111110000010011011111111111111111011111000001011110001110001011111100111101110101
111101111010011111111011011111011100110110010011001100010100110011101011101101111111111111111110111110010011111010011010
000100001011000011101011011100111011010010110000011101100010000010111111101100001010111000001110100101001011110010011110
000110001001001010100101101110001010010110000110111110100110100011011110000101101111000101111100001011111011110111101110
000110011001010111101101011110101100111100011000111101100001001001110111111100010010110111010010101010111101001101110111
110001111111010110100110101010100111100110111111111001100011110101011111001111110111010111101111101101101001011010111010
111010110000101110111011001011111110100011010110111010111110111001011111110001010100100111010111111010001111001101111101
101011001101101101111001001100111011111101000111011011000010101101111100110101000111101100001001010000000111110110001010
