00111111011011001101000101111001111100101011101101100111011100011111111101110000101100101101110111101110011011000100111111000011100111001000111111110111111100010101111111011001100011111011101101010011
00111110010111110111000101101100101110101011000111100110101011111000100001110110011111111100001010111111101000001110110101101100111110000101110001110110000101011101110010010100110110111110100101110100
11001001010011011010110001110011011000001101000001000010101100101111101110000001010100111010100100111010011011001100010110110110011111111101111010010111001011001000001111101010001111010001001101101010
11001011101100110010011101001110110001001000111011110111110011011110001100111101111001101010101101111110101010111111100011101110011010010101011100111110100101111100111001011110010100111111111110110001
11110000011110101100010011001111011101001111010100101100000100100111000010011110100101111010011001111000011101000111100010011111111100000011111000110001111001101000000111111011101101110111111110111111
11000010110011011001100110001101011100001000111111000001010010111011100111110111101111110110000110011100110111110111111101101000110100011111111101111111100001001110000111011011010010101011101010001111
11010101100011010101110100100000111001101000111001110000110100101010001011111010010010111110000101110111010010011111101010101010101010011001001011111111010111111001110100001011110110110000101111111101
10110010100011010101011011111011001000110100011110111101010111100111101100110010111101101010101111110000011111011001110111000100011111110111001101100111111111111010101011011001100010100000001011111111
00010111000010110010111101010101111011111001110010111000110100101110001101111011011101111000010111101101001111010111100110011110110101001010011111111000001101011100011110111110101111001000100100110111
11101100001100010000011011100101100010101101111011111001111001101000110101110111111110000011100111101111011101101110101010011110111110010001001010000111111001110000111100011101011000111111101111111111
10011000010110111110010101110100011100101111011010110011001101000101011001111111110011110010101000110001111111101000011111010111001111111010011111110011101111011011000011101011011010110111011100110111
01011000011011001101111101101110101111111011010000011111110001101101001110010001110101111100101110111101011110011111111101101011111100011111110001100101101011100110111001100001110011000010100100100111
11101111101100111100011101110011111010111110101011100010111111101111000101011110101001111011011111011111111010011101011111010101001101011011111100100111010011000010100111011011111110100101101101110110
11100111000100011101010011101111111111010011110010101110100111100111110101001101001111111001110111111101011110001110101001010111001110010101100101101100110101110111111111011110110001101111100111010111
01011000101010000000011100111011101101111001110111100010101111111110001101010010111010000110101110111110101100101111111010001000001111101010000011000111010111010110000110111000011001101111111010111101
01110111111011000101011100110110110011011101110111100000101111001010111000111010000010101110011011101110111101000010001100011001111101111010111101111000111101111110100010100100100011111000011010000110
10101100001111000010100010110101001010110011011111110110100010110011101101111000011011011000111100110110001110111111101100110100011111111111101101111110101101100110111011111001000111101010111101000111
11001011001111010001001110010001111000110100111110001111100101001101101101111011101001111101110001010110011111110101110110110000101101111100111100111101110000010111100110010010001111110111111001110000
01110000101000001000101101000111011110101101101011110111101111111010100101110111100001111101111110111101101111100101111111011111110101001011001010111001001001110011111110011000001010001001110101110011
11000111000101010100111101001011111101001110100101110001111100101100010110100011011011111110011001000101110100010010110101100111100000111011011011101101110001011110010101111011011010111011000110101101
00100110100100001011011010100110111011100100100101111101110111011001001110111100000110111100110010110010101110111100101011101000111111101101011110010111101111001110110011000010111101001110101011110000
00111011111111110001101100110000101111110011101110101010011000111100001010100000100110111101111011001110101110111111110110001111111111011110101111011101111110111011001110010000110001111101100111100111
00010001110110110111110111100110000110011010111101001000010110001110101011111110101100101100010001001100000011100011010111000110111010111101111011010101111101110111001011010001111111101001011100001100
11010110101110110111011011111110111111101011111100100111011011111101100100111001100001111111111010010010111111011100011101110000001001000001100011110001010100100111111010011111110100011000011101001110
00001101010001001100101101101100100011000100000110111110011101100101001010110011010111011101110101011011111111010111010010010010111111110010110111111000101111001110011100010111111110100001001110011100
11111001111111000011001110101001110010111010001101100111111000100110110011101101011101101110001111111000110001000101111100100101010100011101011110001111110000111110010011111011101000110010011011100100
11100011011111111000111111011011101101100110100011111101101100111111011111111111010011111101100111101101101101010101101010010110100001110111101011101011001011111100110111100111001100110010000101111011
10100001101010111100010100101001101011001101111111001010001000111000111100001111101100101110101111010111111010011011100000010011011000011011101011101001001010101101100110110111000011000001001110111111
11011101000101100001000111110100101011011101100100111111111101010000111000111110010011101000111111101111111100101100010000010111110111101100111110101110011110111011110100000000101011001010110110001101
01011100111101011010101110001011111011011110001100100110111011100011110101010101110100001101010111101011111111100011110000011101110111101000100101101111001011101000010011011011001001111110110100010101
00111001000111110011101100100101101111001111100111001111000101100001011001110111101111111110110011111110000111001001010000011111111111001101100101111110110111011101101011000110111111111111011111100110
10101101110011101111000001110110101011101101101100010110101111011111010111011111000100110111001110100011010010011101010011111111101111110010101010111001011010111011011011001110000100011101100010100010
11010010110111110101110111111111000101000100100111111110111011100100100111111101010101001010001110001010000111110000101110101011000111111110000111111001111011011010011110011010101111101010010100110101
10111110101011010111100101000100001100101110101111111001111111001010110010101000111011111101111111110110010010001111100110111001100111011110111010111111111110010011011011110101100100011111111010000011
11101111101111101111110100111111010100001011010111111010001011111111100100011110000100111110100111000001010000101111100111110100011000111111010011011101001111100001010101111111101101100101101010110111
11001100001101100011011100100010111011101000011101011101001111101001111100101111111011111111111001100110111110001010101110110000111101111111001101100010100100111000001100100111101011101110100110011110
01000000110111011010111111011111000101001110001111010000101001111101011100111111011011001000100111100010110100110011110010101110111001110001011001001110000110111001111011100111111111101010111110101111
00011010100101110001110110111111100110001101011111011101100100111001011111110100100111111001111111111000011101001110101010111110000100010100101100011001111111001111110011101100111100001111101110010010
11000011111110101110110101100001010100010100000010101101011110001111111011100001110101011001101000000101111000110001011001110111011011111101000001110011001000001010101110111111101010100111110110101110
00000001100111111100011001001100000000101011110010011111111010111001101010001111101000110000110010011110110100111111101101111101110001000001000000101010111101001011011101110011001111001011011010101111
11111110111110110011001101011111011111010100001111011001111110101111011100111110010110101101100111101111010101110101110110110101110011110110101111010101101000001001010011111101110001000110101111111101
00101001011010010111100010111111110011101000000111011111111110011110100111010111101011111111011001000001100110011010100010011101000101011101001001001111111111001011011101101100111101111111010101101110
11001000001111001001011101100110011010010001011100010010111100111011101101111111111000111001001100101010100011011010101111100111100101011101011000010110101001010111000110000101101010001100101110011110
11101000111101111010010100011011001001010010110101101110101111001010100111110110100111111111100010100101111010011100010111111101100011001010100111001000111101110001011111111011010001111110101101011001
10010110110011110111111100111011110000010001011001001111101000110110000110101001011110010111010010010100101010101100111110010011110101010101111100000110000110111010111101110100100010001010001111001110
00011111111101111100001100010000001101010011100000010011101010101110111111010111101111001101010110010100101110001001111101001100111110110111000101110111100110011111001111111100111110001110100011000001
10010111011010001110011101010101010111001010100110111101111000001001010001101111100111000101001111001101101111010011111111010111010101001111101111000001011101100111101101011110101111011010100011010000
11001101000000111101111111011111111111001111001001101111100001111100111100010011101111000000101111011111011010100110110000011000110011111010011111110111000111001101011111110011001111111100111110101110
01010101111011111110010010110010111011111100001001011101111111110010100001110100110101011101010101111000110110100101111011100111011000111101110000101101011001101001001010001001000000111101001000010001
11110110010010111011101001110010111111001101100110111110111110111111110110111000111001110101110110000111111110111011110000001011110011110111100100110100000111111110111000000000001110101111101111110111
11011011111011111011110111101100111000100001001101000000111111111111100011000111111000110011011100111110110101001111001011000110000110110111110011010001110111111111110111110100111010111110110011111110
00010011111100001011100010101001111111011110011011001101101110011101101001111010001101000011100110111110110111011111101011011000110010010111101110010011100110010111111100011111101001001111100110010100
00001001110101000100111010111010111101111101101111010011111110101011110101001111110111111000011111011101011110011011101110001001101001111100001111111100111111110011001111111101100110100010111111010110
11011001000101001110100111101111100101110101101111010011101101111111011110101111011011011110110100111101010000111111100110101111111100110101001100010111111100100100011110111110110011010111110011100101
11110000001111101110010111011111101000010111110101001100110010111010100100011110100110101111110101111001110001101111111101001010110000110110100111001001111110101100111101001000001000001011110101111010
10010101011100000111100101101010010101111100111110011100011000011011110010011001011010000101111101100010110001011010111010110110100011110101110010100011100111101001110110011110110110111100101101101001
01110010110111111111100001101101110011011111111111111110011111111010100001100001111011011101100101110010111101111111001000011110101100101000111110111011101101010101100001001001000111111101011101111101
10010111110110000001111111001100110000111110001011101011101111011000111111111000100100100101110000110111011111111100111000100011010000100101001000001100001101110011011011110011100100111011011110101010
11100000011010110011010111111101111110111111111011111101110100011000001000111011111011001011110111001111111001010110110011001111100011101101111100011011111110011011100100100111100101111001110000110111
10101011101011110111101010101011010101101111000011111100111011110010011001011101010100101100010100111001110010001010111000100111010010111101000111110110001010111011010110101111000101111111110100100101
01010101000011111010101100000101111100111101010011111010110101111101010100111011111111111100110110101010000011011001100101101111101011100100100001001010011110010001101010101110100101111010111111001000
01010001011111110110100110001111111110000001000110100100110110001100111011001011011000101101110000000111010111001000110011101111000011111101011101011101111010101101111111101010110100100101100010001100
01101111110111101011010111110110101111011010110111101110100110001011110100000101110011011011011100001110001000111111011111110010110011101111101100111111111011111010111011011110001001110111111101100100
11010100000000101010110100111001001011010110100111110111111110000110011110100111001110010111110010100111011111111101110000101010010101011111100001101101100101111000000011111111111010111101101111101111
11110110110110110111111100110001011111111111011101111111111011100100001101111010111001011000001101111111100101101001101101111010100001001001111111000011111011101001000010100011111100011010001111110000
10111001101111100101011111100001101010101100110101110100000011011000110101100110100010011011101011011100101011111111001101010111110000111001101111011111000101010111011110111101000101111111101100001100
10111111100011111010001001100101011000101111110011101111100100110001111110011111101100111111011111011110110110000111010111101101101011010111011001010101110100001001100101010011110001101011111110000000
10101101001111001100100110100111001111111010001001111101000010100010100011110000110101101101111111011011010100110000000101111101001110000110111100111110111101001101101001101011100011001001001010111110
11100101010001011110001101011100111100110111010111111011110001100111001100011011101111100101111111011111110010111010101011111011111011111101100011110011010110110001001101010001111011011010110111011010
10000000011001010001000001111111010111101000011101001101010111110110001111001011001000000111111011010011111010010111111111111100110011100100101111111111010101110101100011001010101110100101111110100111
10110011101100111100111010111010000111111010010100010100011101011010110111110100110111001011101101111001111110100011111111001000010101111101010111100110101000011101001000000101011100010011110110101100
10110101110111101111100100110101101111001111110101001110010010111110111000111111101001100010010010011011100010110001001111110111010111010111001110001010011010111110011011011011100111111110011011111110
00101110000100000001111011100001110001110101110001100101010001010011011001011111011110111100110001111110001011111011011101011011111110010110100010111110110110010111111111110101111100010001100011011111
11000110111011101110001001100111100001100111011010111000110101001101011010101011111111010111011110101110011111000101111110101000001111111110110100011100010110011101100101000100111110010011110010001101
11010111111000011111111111101010110111101011101011010100111010011101001101010010110111100101111110001101110101101011101101110011110111110101001010100000100101110000010001011111100110101100101100010100
11011111111110111110101110101111101011001111010111010011011110001011101110100111011111011110011101110111110011101101101001010110111110000110010010011010111101111111010010011100011001101100100100111011
00011010101011011100101101111001111110011010101001011111011111001010110111000011101110011111110110001011100011110110101010111010100111110110010000111111011101110001100111111001101100001100111010100010
01011100011011000010101001111111101111011111011010101110000100110110001110010001110101111110011101011100001110111101101010001001110111110000001110101110111011011001111100110101111101001110111000111000
01001111111010110111001010111011001110011111011100111110001011011110110111111001011110100110111011111010111110111111110110100111010110011111110110110100000110000011101110010101001110110110111101101010
00110100111101000111000111110111100110110110111100101101101111110010110111011110011010101100011111000011111101001011011110010110100111111010111110010011100010000111111100011010101011110101111001111000
10011101011110100110011100010110010101110111011111101010111010101111101101101100010001100100010100111011011100100111000001101111111100111100111111000101110111000100010000111111011111110000110111111001
01110011111100101001000011101100110110101010100011101101101111101001001011110111101000001111111001101100111111000111100110101011010111011101001010111010101100110101111110100110011010100011110011100111
11010101110011101101001001010010010110010110110101110101101011011010110111011011010111111110100100100010111010111111010000110000111101110000001010111110011111111110100101001111010011010001111100111101
11101101110101000000111011010111101001101001111110011010010110010011101011111110001010101100101110101001000010100001000111001110100001010101010010111011010110111011111010111010110010011001010000101001
01000110011001111001110010101010010111001101111100001111101010110100101011111011001101110111101001000111111111101110111111011100110011110111110001111101010100010100101110000110110100101000101111011100
01011101101111001111000111101010110111100101011111011100101010101001101101110100101010111101010001110000111010011001101111010011011111100110011111111110101101110011010111100100000000111001001111100010
11111111101111010111111101111011011101011111000001101010010111000011100110100111101111011101000100111001111001110011011111101001000110011101010111101100101011000000011110101001101010100101110101010101
01101110101111001111110110100011011101110111100011101100100010111110000011011100001011101101111111011111010000100011110111011101000010110101010101000111101101100111001100110110101111111111111011100111
11111011100111011111111111111110111111101111010010001110101111101111001010011101011101110100101011010101111110101100110001011001011010111110011000101000110101100010101101111010100110101110011101111001
11000110000100110111111111110111011100001101111011000111110111010011110011111111111111111011100110100101111001011111001111000110110110011001001100100010010101111100011011110111110111111001110101111111
00111111011010110001000101010011101100000101100000110110001000110110011101011110011010000101011110101001000001100110011111110001111111100001000110011011010111111101000110011111110101100111000110110101
10000000010011000110010110100101010101101111111011110011111001110111111001101000010011110110100110010101111011011110000010101111101110110110011101001100101111110110110000110111110100111110110101010110
10110001011101101110110110111010011111111001000101010111111011010101111010101010011110011101011111001011010111001101111000011100011111011101001011111111001011011111011101101101110101101010011110001010
10001000100011011111111110001110010101010100110011101111011111110011110111111111110001010010100110110111111111101011001111100100000110000001011111010011011110000111101110011001111000001010010101001111
01011001001110111011010101011001110101100110001100101001000000101111111001110111010110011010100110111001011110111101110111111110110000110111101111011010010110101100011011011111101001001001101110110110
10110111110111101010000011111101111011001010011111111111101110101011101001111101101100110111111001010000111000101010000100111101101001110101000111111101100110011110011100001110011010000111110101111001
11000101110111110010110101111111111011011001111101011000001010010111110101101011000100011111111000100111111101111100100011100101000010111110001110111010111110110010100000110111101111011111111000100110
10011011110011010101011011111110011111001100001110001011101000001111111010010111010011011000100100011110111110000101100001101010000010011010000100000111000011100110010110111011111111101101000011000111
11111011111101111010100001101111010111001011000010110111110110011000001011010010111101100110011010011011111001101111111010001100010101100101110001010110000110010100111101011010000001011101010010111111
01111111001111101110100111010010010001010000110110111110110100001111111110010110100001111001011101101110110010011110111000011111011110001010100101111110110000011000001011000110111010111010000111110100
11111100110111110010011011101110100001011010001110111110001110101111101111101110110100110010101001110111010100011110100111111000010011000101101011011100100001111011010011110101110111101010011000101110
11010110110111111111011000111010010100111001111101111100011001111110100011110100010010011101010011011000101111000000101101010100111010101110011100111111110101110111001111110101010101101100100101011110
11110010010010111100110110011111110110011010000101110001111011111011110111011011101010010000110011111000010000111011100111011111011000110111111011111111011111110011011101111001110011001011110010010011
01000010111111000011000010111101001000101101001101001110011101011001111100111001100110111111111010101000011110001101111111101110011101001010011110110100111111011000000001100110111101011101000011011000
01010100001010110011110111111100000110110111111011110011101100001110111100111011011011101101010111110100011100101101111010011001011110011111111100100010111110011010001010110110000001011011111011101011
10101111011111010101000111011101011111111001000111111111111101010011111001110011111011111101111111111011100111111111110101111110001111010001101111111101011011100100110011100100011010011011111100111001
11111001111111111110110110111100000101100001111101001000111000110100011011000111111011101101011111100101100101101010100110111100000111110000010100101010110010111111010011010101110011011100111010010011
00001101111101111111110110101110100111011100011011111000110001011011001001100111110010001000111011001101111001101111101100110001111111111111101000001111011001101111001111110010010011111110011111111011
10110111101111001110111110010111110100000111111111011000010111010110111111011110011111001001111001010101010001100110101000111111011110111001111101111111011010110011101100100000110011000100011001011110
10101101111000010110001111100110100001001010001000110011111011011100000011111001010010100111110010100100011110011101101111010111101101111100001010101101100100100110000011000111111001100111000000010111
00010100011000101110111000001100101010111000100111000110110000111101101110111110101110111010011110100010111110001000101111010111001110111011100111101000111110011011110000010101010011100001101010010101
00010111100110001101110110110001100010111111001001011101111010110101110110001110001001100101001010011010010001001101110100001000010110011101110110110110100110001111111111101111011110110001110000010111
01110011011111101000110100011011011101010111110001111111110111111100100010110111001011001101111110111011111101110011110110110011101101100011110010011011111110010011101001111101000001111011101100011110
11111110110111101110110111101001011001011001100110110110111000110110010001011110111010001111101011111001110111010010100110110000111101110111000111100011110101110011101111011110000000101010101011011111
01011110110101111001011010010100011111010110001101111111101100100110111010101011111010110111010100111010011110001101011011000011011110010011001011111000101101011111101011011111101100011110111001111111
00011111100110101110011011110111011010111000011011111110100010111110011111110111111101110100111001100011110101011010111110111010010111110001101100111111000010110011101010101111011111011001110010101101
11011111110101101111110001110100111111011110111111011111011111011000111001111110010011011000101011111111111111111101010111000011101100111010011110100100001100011111111101100011101110011111001101111111
11100101001110100111011111001111000010101001111111000011011101110010011011000011001010111010101000110001110000011011100111110010111110111001001111010110101001011110111001110111110100100111010111111101
10000110011111111010100101100000100101110010111010111011110100101100111111111101000011100110110000110101100111100011000100110011101011111111010100011101111101000011011100101110111111010101101011111110
11100101101110011111011101000000111100011011111000001110000010101111011111100011010111110110011100001111011101111101111011011110101010011110111010110000111110111001010101000000100011111101100011001010
10111011111010100110111010100001111111001111101010111101001001100010111101001111010111110111011010101011101001101111110101010110110110111111111111110101010001011110001010111101110110000000001110010111
11010101001111000011101100000001001000110011011010110010001011101111111110110000100111111110011011001111010001100010110110101011000110100101001000001100101100111100101011000011010001110101111111111111
01110110000100001101100101000001111111111011000010000101010111111011110101101010111000100011011111001001011110001101011001011010101110101011110010011111110101001011100010101011000111010001001111111110
00101000111011011110000110111111011101111101101100010001100000101101110110111001001011011010101100011110111111101101011110101110010101010110000101111011101111110011011001010111101011101101110100100001
01011110110100110010110000000111110011010101010101011110101011011011111011001100110110111001101101111011111010010001000101110011000111101110111110001010001001101110100100110111001110111010111010100100
01111001111011001011011001101111001011111111011010100101101111000111010100010011100110010101111110110111011011100000000110010011100101011000111101100110101011110111101101101011111001110110011011110111
10111010111101000011011010111011100011100010101011100111111111111100100110111011110101000101001001010011010011101011111111111100011010101011111111101101111110011110110010001111010110001101101011000001
10001000001111010011010001011111110000111111101011001100011111000111100110100110110001111011000110010010100111101010101001001100110011111000010010001100010000111101011101100011111010011011001010011110
11001110110100010111111010101111010110011011110101011111101010101110110010111101101110000111001100000100000101001100111110100101011100110111000100110011001000001111101000111100011110100110111011111010
01111101110100011010111011011110001110111000111111010110010100110100111110110110111011001110101000111111100110010111010010010011100101000111010111101110101111001101100000111011100111111110101110100010
01111011011111111100111110010011001110100000010010001100100010000011100011010000101001001011100100010111110111101110111100100010100100001101100001100011110111011110111101011110101000111110111100011111
11101101111111111110110011001111110101000110111000100100100000010001001111111111111001100111110000110001111111111111110011111100111000001111100011011111011111011011111111111111111011111001101110100010
11110011011001101000111010001111110000101001010101110001001111100011110111111111010011111111110011011100111110110011011111101011000001011000110111101101000110101001101100011001011111010010111110010111
10100001101010111110110110101111110110111111101101001001001011111010111101101101011111000010100100101001011101001101001000011101010010111111101010010010011110000101111001111110100001111011111001011011
00100001001000111101101010101101101110101000010111101111111111100100111001101101101011011011001110100110001111101101111011101011100001000011001111011010110010001000000101110011100100010000000010101101
00110111011111011101011011110001111111101110110111111111000101010110101111101111111110111101101111000010111111110111111110010101100011001110111111100111110010111101101010010111011001011100100001110101
10100110101110111111111001011110111100100111001110001000101101111100101001000011110000101100100011010101100111110000111110101111001111010111001100101011011110000001001111100110010111110010011110001111
01110101000101001100111001101010111101101110111011111111011111110011111111111010110111111001101110101110100101010100001111011000111101011011100000111011110011111011011010110011111111001111001101110001
00001101101110111011010010110001111100001001011101110010000000110011000111011011000011001001001011010111100100101110101110111010110101111101101111101000010101001101011011111111101010111100011111110100
01111111010111001011101101110010001110110110111011110101011101111110101100100010010110110110111100101010110110111111011011100010111101101110101001100100001100111000000011111011011110111001001001011111
11101100000111011100011110111111010001001001101011110011101010111101110011000011100010000000001000111010110110111001000110101110001111010111010111100010011110001001111111001101011010100111101000100000
11111100101110010101101011001000011010000010100110100001101001001011001001011011100111111001010000100111101010011000101110101111010010010000100011011110111111101101010011101101000111000001100110011011
10111111111010011111111001111001010111001110101100011100111001101111010100100101111001001101111010001111110111000011110111001110000001111011000111111100110110011110101011110111011011011000110100100111
10010101101011011100110011001110100101001001111101011110101101101101011101000111100001110111011111010101111010110101111010011110110010111010101011011001000000011101111100011001010011011011100101110101
10100010111000100011111111111001111000001001001100111011100100001100111110110111111101100010111110001011010001111110110110101011010111110010111101101101111100111110111110111010100001110111110100111001
11000111101101111001011110110110101110101101011100101010000111011110111000000000100011110001111100111010010010100110010010010110011110110011111110100001110100110011001111110111111100101101100000011101
11011111101111011111000110111111110100110000010111001001100100110001111010101110011111101100100110010111111011110111100110010110111010011111101011011011101110001011111101111010100100011011001101101110
11111110101000011110111110000011111001101010010101111100101101100111110011011011011111000010111110111111010010011011011110110000100101100100011100101100010100110101001111010110101111000011111010111100
00010110100001011111010011111111111011010101000010001010111011110101010111011100011111101011101110011110011111101011001001111011010110101110011110110001101011011111110110100100000101111001111001010001
11110111010111101101111001001110011010001110110111001100010101110111011011001110101011110001100101111111010111010001111011100111010110010001011010010011101110000010010011101111101000000110011011101010
11110111011010101000100001101110010110110110110100010101101110101101111110011101011101010110111011110110101110011101010000111100111101111100110000100101101101111110111111001100011110110100101010011111
10101111011110100111111101110101111001101100011110110111101001111110110000001001100110010010110101000110010111001101001010110010101110011100000111101110001010111011110101010101001001011111110101110111
10011101011101011101111011000010110101011111010000111111101001111011001010110101110001111001000110011101101001111110011101110110011000110100011011101110001110011111110100011010111010110111001101001011
10001011010011110101011101001011110001010101001010101110001011101011110111011100101110001110011010010111111110101100001110100011001101111110111011010000001110111100011001110010001111111001100101101011
10101001111100011010111010111101111001111111001010001110111111101001001100011100011001110001110010000011110110101010111101011110110101001001110010101111110010011100100110010101111100101111100010111100
11010011101001111000111110001010011111010101111101111111111010010111110011111010111111011111011110100111100001111110101101110010011111001011111011110110110010111011011110011111100000000000000110010110
00100011001110100000110010111111111011000100110101111011001111101000100111000111101100100011111111100011111010111001000100010110011111111100111000101101111101000010100110000111010111001111011111111011
01111111111111111011101010100110101001010111001111101001110000111101010000111100101001111111100001001111010100000110011010111100011100000110010000001010000010011010001100010101000010100110111000111101
00011011010101011010011101111101001110000001101011101111010101111000110100111000011101011111001011001110011111000101000101011101000010010101010011010011010100000100001010011010001001010010101001111001
11010011111001110111011001101011110110000011110001111000111110110100111111111100011111000111100110111111101010101111110111010111001100010101001111011011111101001110110111000110001011101010101011100100
01111111101000010001110011111111100111111100110111100011001101111011001101010100001100000110101100011001101100110010110111101011111110110111111110101011111101010111100010011010010001110011011101000110
11010100100101111101101111110010000001000010011101110110100001000101011111010001111010010111111101100100011101010010110011001111111001010010011110011010111000111011111101011111111011111111011000111101
00000101001111111111111111001001110001110110111001111000011100100100000110010011001101011001110111001110101111111111111010111110101100000100001011101111100111011101011011011100010111101100010101100100
11000010001001000110011100011011011011011111011110111001111111001111111011011111010101010010110000001110001110111111101100110101110111011110110101111001100100001110011101001010111100011110011011011110
11010011010111011110100100111010000011100000101001110011101011100011010011001111011110001001010010100000010010111111110001101110111111010000101110101011101010011100001111011010101011001111101111010001
11010010110101001011100111101101111011011101100101110111010101100100000110110101110101100101101101101010011000110000111100010011001101000110110110101111110100010111001101111010001001010111100111010111
10110001110101001010011110000011110110110101111111011110010011100101101110000111010110111100111100110110100110011111111011010101101111011110101111110010010101100111110011001001100111011100111000110000
10101110110011100111010010111000101100110111111100111111001101000110100011001111011011111010110101100110000110010100101100001101001110101000100111111011101111010101110010101010011101001111100100111100
11101101101011111110111101110111110011101011010110101101010111111100010110011010010111100110011001011100111101010111000011100010000100011111111011011110001110111010101101100001111011001101011101010110
10111101001111001001101001100111011011011101111100101010110001110011110111101000001001001100101000111111011101011110110101010101001101101011111001110111010000010111111010100101111010100111110010010101
00101000101100111001000001110000011111111101110100101100011111011101000010001100110101111101100011001111110110011001111010101101110101101111011011101100010000000000010111011110111001011101100010101111
11011101110011101111011111010100111000111001111100111101010000110110100110111111100100011111011011101110101100101110010010011000111111110111001111110001111101101110110000100101100100001001111000101111
10111111111011101011000101000101101001101101011010011111100111110101010100111001101100101010111101100010000000011111001010100110111111000011110110100110100100101111111100100101010100111111111001111010
01010000110001010000000110110011011111101110111000111101001110110100001011110110111011010111101110011101111001111111011010011010101101011010111001011111001111010110000001111001010111010101111011010011
00111110101011000101100111110111101110110001001100010101011111111011010100100001111110011111001111110001100101010111111001111111011101111111001011110100110110111101110100100001111101110110111100101000
10001111011110001001001111110100011110111011000110011000111100011111101110101110101000100111111011001110001001111011110011111111010110110111111101000101001111000100001011011110001010110100111100110100
11001011100111010000111111001010111111101110111000111101011011011011110111101101000110111111111011011011001011000010111110010101011101100110000011110100101100000101101011110010010100110001101100100111
01010110011111100001111110000010000011001101010000100101000001011010101011010100111110000111110101011111011111110001011011000111100110011101101101000010101010001111000111101110100100101111010101110111
00101000111010100111101011101110101111110110011101110010000000111000111011011111110000110000011111010001010001010011101000011101101110010111101001010111111000110101110111100011000101010110111001100100
01111010100010001100101110100011111011010100011101001001111111001100011111101110100010011111100011001101000000010011111010101010110010101101010001111010011010000011001100011110111000010111000001111111
11100111101110011111001010011010100110110010111101101101100000010001110101100011111100111100000111011010011110110001101110111011110110001111111100010010110011010110101011000101000000100100101101111101
10101000100101111100111000011110101110011101001100010100101110100111100100010101101000010110101011101111101111101001001101110100010111011100011110011001010010111110111110100110001000101111010111111111
11011111011011111101011011100110101110100101000111101001111111110110010100110011110011111111100001011100000101111100010101011100111101001011100011001010111001011110000001001011110011011101100110111000
11111010011000010101010101100111010000000101001110100101111110111100101111000011101101010101000010110001111100011011101101101101011111111011001110101011110000101101011000101111101100100010101010001111
11010100110001111011111100001111110111010111111111110011111110011111100100111100000111011101111011111111111100001111100100011011011101010111001101101001011010010111101110111000010001100111111001100111
01011000011011100100110000000111011101101111010111110101100101110100010100111111000000111011000111100101001111000010111101010110111000010110100011000111101011000111111111101111011111101011001000101011
11011100011101101101100001101110110111111101111001111110010110101110101101000110010000011011110110011010110101001110110000001101111011001100100110110101101011111101110101001010011101011101110001100111
10111100011011100111011010010011011001110100000011010110111101110111011011000001011101110110001111100011110001111001111101110011000101000101110111111001111010001100110111111100110101101110011111101111
11011110110111101110110000001101011111101011011101111111001111110110111011111111111010110101001110000110111000111111001101011010111111010000111111011011011001110000111101111111101010111010000000000111
00011000001000111110001101001110110010110100000100101110111110100010111101001111111100111101110110101010111110010011010001011100101011001010001010011101000011001111001011011111011001001011001011111000
10111111011010111100101111010010011011011011100111001001110010111111010100101111001011011000101010001000111110101110101011101111111111001111100000111110100011111101101010011111101010011101010010000111
11111010111111001011011110111110100111101111100101011011110110111110111000110010101011101111111100010100010100001000110011110000011110001110011110100001110110001010110110000011110011100001000011111011
00011111010001110001110011011011011111111010111101111100010011011011111111001000110011010010101001110011101100100101011111101111110110101010010000010110001110010001110001100100000001110001011100111110
11100011010011001110110101100010000000001101111001101111100010111000100110000011110011111101010101010101100110000110111101100110100001010111000100101101110010111011110010001100011111001011010100110011
01111011111110100111110001110011101010111100000101100111111100111001011100011111111101011110001110111000110100000011111001111100110100110110101110110101011011110110001100111011111111101111010111011111
11011011111011100110100010110100101101001011001011111010101000001001100110110101101010101111001100110111011111111110111011100101101011010111010111011011001111100101111111001101010111100000010111101011
00101111010000100001001110111000000110111111100100100011110011010101101111010111101110001100110100101101110110001111111101100001101001101001010011110110111011100101000100111010000111110101010110110011
01001111111111111001011111011110101110111110100101111100101101110101011111100000011010110111011011111100000011111111111011101101001010111011001101110011001101011111010111110001111111011011101010100011
10101101111111011010010100110011011111110110100101101010011000010001110110011010010001010101111011101110101111011110101111100101111111001001011000100111110110001001010010111100110101011111101111111101
10011111111101101011010000111100111010011001010011000101101100010000010011010000111100111110010101100010111101110111110011010110001011111101011111001011110011100100110001110100110111011111101101111110
