0110011010011110111100001101010001010111111011010101100011011111110110110101111010011001001001001011
1011001111101011111000110101011100001111011111011111001010111100110100011111001100110110010101110001
1101101011001011111011100011000011011101011110101011100110010011010111011011100010101111101111110000
0110011101001111011001010101100100001100110101111111111100111111100010000111011000110111110000100100
0010001000000001100010110001111001101010110101100110101100110011001110011110110110011011010010011000
1001001101111010001111111000001111011010101111110111010111011011011000111100011101101111100000110111
1111110110011111100101111100010000010101111100001101110010000111000111101110001101101111000000111110
0101011000100010100011011100011010011101110101000011111010011010010001010101111100110000011001110111
1110001000000011011101111100101111111111011101101001101110101100110110101100011111100100101011011100
0111010000011110111001001111110101000111001101010100010111100000110111010111000111001111001110010000
0100010100010110100111011111001100011011011001101110000101010101011011101011010001111101010001110111
1000011001101000111111101111001111111000101010010110111010001011011101101001001101110001111111100010
1111011001010111110010011000001100100110010111101011001101100111111011110000110101111011111011001110
1001001001101011001011101100110010111111110100000000001111101011010001111101111001111010011011101101
1111011111101100011110010010011011110111011010010100111111001101100111111000000011000111100110011001
0111101010001100011000101000101110101001110101100101110111111111101111011111111110100111000111110111
1110101101111000000110101101101011111110011011001101111111110101111111101001111000010000111110111101
1111000011011011001101111101101000011110111011011101111010111011111010011110011001101101110111011111
1111010011010111010000000010101101111111100100111111110001110111011011101100111100100011110101111001
1000011010110010110001110001110010101110111000011000000101110111101011100111110010111001110100000011
0010110100111110100001001101111011111011110000101000110111100111101110011110100100111101111111111110
0011011111110100010110010010001110111011111001100100110010011101101111111011101111110111010001011111
0110111010010101110100011111111111101011111100100111001110111101010010111111111101100001110101110110
0101111110101010010101100101010011110000110001101101111101111000101101110110001001100100000010000111
1000011111111101110010100000111101101100001111101101101001010011101001010001000111110001001111011111
1101001111110100110010110010011001001111110000011111010100110101010010001101111010111001010011011111
0010000001110010001001100101001110101011011001111111110111101101101110111110100110111001110011111111
1111100001110000110110110010000010110111110010001110010011101001100001010010110000100110111001100000
0001100011000101111110101000011111011111100001110011110001011101000000000011101101110010011110110000
1100101101000110000110111100101111101110111111110011111111010111100001000110101111111001111000111101
0100110110111011111011101110110010001010010100111000001110010100111101110110011101111111001000011101
0101010011111001001001101010110011100111111000111101001111100010111101010011101101010111111010100101
0010010110010111100111110011111101110100111000101001110111100000011101110111010001011111001101011011
1010110011010010101010111100110110111110010000111111101011000011110110001100010101010101101111011110
0000100010011111101111111011010111011111110101011010000110111001111111001110100010111001100111111000
1010011110110110111011010001100011100100101111111010000101010000111110110101111001111101011010111011
0111110110110101111111101110111001100111101011100011110111010110001001100101000000111111110010111001
1111001111001110111100001101110111111011011010100111111011111011101101101100110101101101111110110111
1100110011101110111111100111111101101101110010111101011101110111100101111010111111111100001100111101
1110001111100111001011100111100100101110111110011010011000111001111111111101111011111011110001111110
1001111100010101011111110101110110111011000111011011010111011110110001100101000100110001111110010001
1111101110101111110111110111011111100111000000111001011100111011101001100110110111111001111100110001
1110011011110010110101101010010110011101000110101011101110110011110101000111111111111010001111100110
0111111111001101001000101000011000110001101011000110000110110111001010110001110010100100001111111111
1110010000011010110000001001010000011111101101111101101101011111111111000001101001110101111001111100
1101110111101001110001011010110000111000100110101011110111100100001011000011100001101001011011011011
0011110010101001001011111010111111011110011011011111110101111001111011101001000101100100110100011011
1101010001010010011100000110111101110011110010100111010111101110110010111101101101000110110111010001
0111001010101000111110011111001111110011111011100011010001001111100101111111011010100110001011110100
1101111001110011111001111111000101000110000110110000101110101111000100111001101011011101110111111110
0111110100111000001000100111110001111101101101111001101010110111100101011111100011110111111001100011
1111011110001001111000111110110111001110111011111010011000011111101111111100011111100101101001111110
1011101110010011111011011010110011001100001011100110011000001110110101010100000010101010101101010101
0001011101010011111011010111110010001111110001111001100111001101011111010101111011111101100110100010
0101100110011110110000111000011101000111011010000111100100011110111111011011001110100100110000111110
0011110011101111100110110110011110111010111111110100011010100011001011101011001101110011011001101110
1110011111010111110011100011011111101100101101010110010101111001110111100101111110001011010101001111
1000010001101111101110011011110111011110100011111000010010101010011011110111011111100101010111010110
0101100011001101111110110111000110100111011101110110000111001110110011111100100110110000110011010100
1111110100100001111101111100111000111111111110100011001010000000110010011101111110110110011110111101
1101010110010111010001110011100000100101110010111101111011100000110010111101111100110101101000101010
1101001010101011101111100110111000001010100111011111111000100011001000100000010111111100101110001001
1011111100011101011110001000010101001110111110011111101101100101011111101001110111100100111000110101
1011111000111111111111101111110001100111011110101111010110000110010111001000110111000011101111111010
1101000011001011110111011011011101110111111010111011101010111000011100110101011110111101000010101101
1110010111111100111000100100001111110001101010110000111011111011101110111011110011110010101111101011
0000110000111001111111011010001110111101010111100001011101000110110111111011001010101011111100111100
1110101011010011100011010010001111110111001010001111111010000011111000110101000111100111111011111101
1011101011101011111111100110000001110001000111110001011111111011011001100100001101011010111011011001
0010001101111111101101011001011110101111111011101011111111100011001010110001110110001111111101100101
1000011010111110101101110010001010011111110100111101000111101110111111010010111001010100101100111111
1110110101001111010011111011001110010011000100011111111001111000111101101111001011111001110111011100
0110111010110111111011100110000001100111000000111111001100111011011000010101100111110110111101100010
1101111111000101011110110110011011111101111000011011110011111000100110011011111100000100111110100001
0111101001100001010111110011111110100010011001001010001101000000011000110100111111001110011011110111
1111000101110101100101101100100110011001101111111110011111011010111101011100100100110000011011010111
1010100100001101101111100111110100110111011111010110010010111011010001101111000110010011011111001001
1001110110101101111100100101001011010111011100001001010011011111110001100110000110111011101000100110
1101011110010101111001110100111100010011001010011101011111011000101010110110000010110101101100101111
0100111111011001001011101010111101000110111000110001001111111111100111001111110010011011100111111001
1010100011000011000101001110010000100011011100001111111011110111111101011010111101111101110011001001
0000011011111110010001111000111111010111011011110111010101000111010110111010000010011110111101011011
0111011110111101011111111111111000111111111111101011111101111110111100011001011010011111010100100011
1101100100111100100111001110111111111011111010000110010100111100110010111001111111101010010000001000
1010111001101100010110000110011010111111011001000100110010000100101011010010010111110101111010110100
0111011011100011010011010001001111011110000110111111011001011110100101101110001011101000000111111101
0111111001001111001001000001101110001001001000011010100110010001011111001010110101110001011111000111
1011111001111011011111101110011111111101110011000111010111001001101101010000111110101010101001000110
0011010010011010111110100011010101101101110010110111111000101111011111111100011111001001011110010000
0101100100111100111111100111110100011101110011110110001111110010001111011111100011111010101111101011
1010000111011100100010001001111111010110111111001011100100011111011111101111111001001011110111010101
0110000001010011111110101000100011100110111100110100110011010101011001111100101101100110111010011001
0010100011011111110010011110100101111100101101011100010001110101110110010111100110001110111100101110
1110000110111101011011101111000011100001001111011111100111100001010111011011100111000111011000011101
0111011100110101101010100011110100111111011110001111011100011011111101101110011100101100010010011011
0110111111100011111011101110111011111111110111111101101001110011001110110011000101001100101101101011
1000101010001110111011001110011011111011000111100101001110011101111110110000101111010100010111110000
0001011110101101110011111110011101000111001110001101101111110010101101110011011000001111001011000000
1000011100111001010111111110000011010101001101100111011111001001010000101011011001100011010010110000
1100010100100111111101011110011110011110110101110010100010010110110111100111101111100110011101110000
