0000001111011111010011000010010110111101011110111111010010100111010001001111110010110000100111001011011100111001010000110111010101000011010101001100100100010001110111101100010110101100100001
0011111101011100001111100100111000000101011111111000011011001111101011100100111011100100011011111011010101000110011101001011000001111111100001100011111101111111110101100110010111010010111011
0101011001111011101010000101000011100100011001110111011110111011101111011111111010011111101111001011011001100001001011001100101001101110000111100101011111111011111010011100010000100110100101
0110111011111000011101011111010111010111100111101110010000100111101001001101011101000111111111011111110110111001000111111110101110011110100010000011101000101001100111110111111011010011010011
0101011110001001100111111111111101100100001011110101000000011101100110110011101111110010111111111111010110001100011011001110110100100101101101111110010111110101000110101101010111111111111100
0111100010111011111111010111011110011111111101100010100111011100111100100111110011010001001011011101111001111001111010110101100110000111111111111010000010011101001011101010101001111010111101
1111100111111100101011010101010011110100010011110011110110011110111100000101001101011001011111111001110100110010011111011111000010100110011111111000010101110101111010101001011100010101011101
1100101000010010110010111101110101111101111100111000101101010111111101101111011111110111111111110011101111011101110001011011100001001101110010001100101011000001111001111000101001110111110101
1001111001111101011011011111101101001100100101001110110000001110111101001101100010111110110011101011010000011101101111111001110110101001010100010111111011111101001001110101101011000011111111
1111001010111101110001010101101111101111111111101101010100010010010101010100010111001110011110111111111101101010011010011100111011011111001101001111110110110001010101011000011000110100111101
0011011011011010101101101101010001011011101100101111111101111100110000100100111001111111101001110011111000111010010101001111011110110110100100111101110110111101111001101100111011111000111101
1111011111101011100000111110101101100101100110001000111101111010110011110010101100010111111011001111101101011111110100110011111111001000011011100001111101111100001000011011001010011000011011
1111111011110111110101100001111100111110110011110110100100101111101110101000111101100000111111111111111110100011111000001111110100111011100100000101101110101001111010111011111110100000110001
1100001011001011010110101011110100001001110001110001110100011101000010011110100110000000011101001110010101110101101100111100101111011001111011110111110011111011110100111111100111011100001111
1010010100111101001001111011110101011111111100110001110100110110111010111011101011110110001101100100111011011100110111000000111110110100111111011101111100111111001001010110101111011101101111
1010110011011110110011110011010111100010111110001111101110011001111111111110000110100101001011010111110110000101001101101101111010001110001011001011101010010100100011111111000101100101000101
0010111101111001010011100100110110000101111101011001101111110110010011000100101110011110111000001101111000100110101110111011010011011010111011111001001100101001001101101101101111011001111110
1001010111001101101011000110111011101010001001100010111100010111000110101011000010111000000111010101001011111111111001111111111000111110111100001011111001011000111101111111111001111010111010
0111011010100010010000111101011010110011010100110111111100111101001011000111000111110001010111111011101101010111101010101011011011110101110011001101000011111100110001110110010001111111110110
0101110000101100000011110000111010011110001100110011000011101111111100101010101111001111101001011000110010001111110011111101100001011101110111011011000100100111010100110100101110111111110011
1110111110000101110100010101111111111010010011110010111100110100101101000110101111110010100110101000100111100110111000111011101011101010010110111110110110100110011011001010101110101001001111
1101111011101011110100001100110011100101001010111100110011011101010011001011101111011111011110101100100011111011100111001000101111101101111011011101110010001101011000010001101100110011101011
0100100100111111101100011110110100010111101110100000111101111011000100111110011011001111100111001111111111011011111011111100001111001100110000110100010001010100010000000011111100110111111000
0001111111010011001110101110000111011111011101101010111001010111101100110101001100100111111111101100110011001011111001010011010001110000110001001111001110010100110000011011010001110111001011
0001100110110110001001110111101100011111010111100101011110100001001111111000010101101111111111111010101111101000111100110110000100110101001100010111111101110000011000111111100110110011110100
0111111111110000111011111000101111011111011001010101011111011111101110111100111111101111010011000111000001101010000110101010011111100000011100101000111011111111001111011010110101111111110000
1001110010010111010000111000010111111000101100110110010111100110000110110110111110110001111011011000100101100110101111010101010001011111010111011110010101000110101110001101110110111101110010
0011111111101111001010001000001010010011010010111110010101100000000001101101010001011000111100110100010011111110111010100010101110111100001010110100101101001010111101110011111010101101111001
0100100111011110110111101100001111100111010010110111010110010101011110110111110001110101010101110001110111101100100111110001011111110011110101101101101101101111011100011100011100011100010100
1101111100101111111111100010001110101000100101110001010001111010110011011001110110101101011011110101111011111101111111000110111110110001001001001011110011010111010010111010110111111100100100
0100110011011000011110001101110011011100110110101110011001100111011110001110010100001111100011101011111111000100111011101001000010111001110111100000100101111111101101000101100111011101111111
1001110111011111100010111110110001111001000011101101101111110111110111111001101111010001111111110101101111111111010011010001010010001101111110111010011100001001001111110000001101111011110111
1011011001000001111111010111111001011001110010100000111110001010011110111011011110101111110110101010010101100101100110011111010111110100111111010100110011010101101101010011111101010111111011
0011101111110011010011010110101110110111010011010001000010000000011001101100001100001110111111101011111111000110111000100111110010000011010010110111101111011010011011000011011111011000101110
1010101101011001011011000010110101011111110110001110100110101110110010001101100110010100001100101010101101110110111010011011001010011000000110001101101110100111011110110101101011001101011110
1001011100101010001110111111001111101010000100011001110100011000101011110000011110011010100100001011011101110011100100101111101011111001111111110011101010000011011011111111101110101101101111
1000010111101110010110011110011110110101111010110101110010001111110011111101110000110110101101100011000111110100110100010100011101010110010010010010001111111110011101101011011110010010111011
1111111111011010100101111100101001101011110101000010110010011111111110110011110011111101110010100111111111110100101001111110101010110101110011010001101111010101100010001111110100110000000001
0001010001101011011110111101100001110100110001110100001000110000110110000011010111011011111001101001100111111011110101110100011110100010111010100001111001011111110110111101100110111111101111
1101010101110110101001111101100111101100101011011000011101101001100100011111111111011110111001101101011000011010010110011111010110110110101101100101010010100101111101011101001111111101001100
0001010111111111100000100010011010101111010111101001011001010111010011111110011011010100111101110110101101000111011011100011110110100111110100000101011101100011001110110010101010111100001011
1110011101001111101010011101101011101110100001011101100010111011111000011101111110101111101110110001100000100011101011101000010101010000010010100110011101101011110101100101010001111110111101
1110110101100011110101110110000000001001000101110001011101101110101010101001110100011110001110111111000110011100111110111101000111111111010101100010101000001000100100010100110101010111100101
1101010111110011101100111010011000110100101011010101110010110100010111111111010001111101001100111110011110101011110111111011111001101011111111111110000001110111011001111000010001100110101100
1101101001011001000011101001101111101001100100111101001010011110111010001111101011011111100111110110011010110100000110111010111011100010011000000010001101110011101000100001001101010011110101
0111111011001100110010011100010101000111111100111111110001000011000100111101111111011001011111011111001010111101010110000100011111111011001111000111100111100101110110101100010101111101000100
1111111101101110011111111011111110001010101011010110010011010001101010011110010000001001110000011111000110010001110111110101110010001011100010000010111000010011001101101111010011010000100111
1110101100001110101111000111110001011011011111100101110111111111001001100110111101010010011111111111110110010011110111111101010101001110110001111101001101011111110101111011110011100111111110
1101000111110001100001010001001100110001110011000101111011010011111110000100001111011111111111110111010111111010101111100111011111111011010111110100001001101001011000111010100111011001011010
1011100011101001001001001111101100101010010111111010100110010101011110010000111010011110101111100111111011101111101001110111011110111011101111110011101110110110111010111100101110100010100110
1011011010101001011110010011101000100100000001100100000011111010001110111111111110110110110010111111000110010111100010001101000011111110111011011011111011010110010110010111111101100111011101
1010101001100111101100001100110101011000111111011000110001011011110100101010111101001011110010100000110000010111111010110010101100011011110000101001001110000011010011111111111101101011110010
0000011110111111111011110000000110111100010101011101011001011111101001100111110100101101110101110110001110111110100110111010111111011111111100101000001100001101100000111011111011111101110001
1111001011110110011011111111111010011101101101111001101101111111011111010101101101110011001111011111001110101101001101010100001111111100011111110111010111111000110011100001111111101110111111
0110000100110001111010111100001110000011101010001000110111100011111100011010010111011111010111000110111111110101000111010010010111010100111001111111111111100101100111111101100011110101010010
0010011101111111111010101111100110110001001000010100011011011111001110111001111101010011111001001010010111101111011111101010000011111110101100011001110101100110101111101101101001111001110011
1110011000000001100101001110100111101100010110111110001100110011010101111101011111111111101100111110111111110101011010100111001111111001101111010110110101111001111010111001011000110011101111
0100010100110000100101110111011100000001101001111011111100101001010000001101110100100111111011111101011011100000111111011001100110110110111000111001011111111100101110111111111111111110101111
1011000000111010101110101011011100100011011100010010011011010111110111111011011111101110000100000110001010010111010110101110110110010110101011010110111111111111110100110111001000110000110111
0010111101110111111011110100110100010110110110111111110110101001010010101100010001011000110010110001101101111011011001110011111111110011010011100011010111100110111110101111011011110001111001
0110111010111101001101100100010010111101011010010011110101010110001100101110101010101111010011101001101010011111111101111010011001111101111111011101100101110101110101111001110011101001000110
1101111110101110111111010110101100101100101110010100110100101001111100110110101001011011101111010101101111001011010111100110001111101111010111011110011101111101110111111011111100110110101010
1111001111011010110100110110011110101100111011011011111110101001011001111101111011111110110111111001101111011100101111010111010011110000111011001011101000110011101001101011110011101110010001
1111100100001101011101111100101100001101110001111101111111110110111110011110111111101000110111010111001110111101011101010101101011110011011011011010011001100011111011111101011101011101000001
0111111110111011000110010100010100111111011010101001101000100101010001111111010101010111111100101010001110101011111011110011111110001001001011100100111100110101111110110111001111100110111101
1000011111110011100101000000111111101110110110001101011011110111101101111001111101100111111111101000100111011010100100110100101011000101010011010111010110101110011001011111101110110110111111
0111011110001011001110011100101011010100011010111110111100001111010011110111110001111011111011010011100111110110110101111110111111111101100110110001111011101101101101110100110001010010111110
0010111111001001010110111110101110000111000101001111011110101101010011110001101010111100010101010111111100110011101110111111101010101111101001111011100011110000010110000111110010001110110111
0110100000011111111001001110111110111110101110101110010100110001001100110111110001111111110110011111001100110011010011110111111111111001110000111101111011111111111010111011111010111100111000
1111000111010001101011001001010101011000100100010000110010100010111100111100011100111011101110111001110111111000000110111011101000000111101101000100111111101101111000110111111000111001111111
0100110100111011010100111111100111011100101101010011100110111110111111010111111011111101000100100010011100101100010010111110101101000010010101111111011110001001101111100000111111111011100001
0010100001010111000000111110110110011101110101100110011110100111111111100111001111011101011111010000011110111011001110011010010110111110001101111100101101111101111011011110111111101100100110
1011000110001111010101101101011111101001111111100011001111111011110001000111110110011111111011001110111010110111011101110001010010101011111111111010001101001101111001110111010101110110111111
1111011111100101101010110111101001101001110111111010110011011111101011111010101010011101011011101111011010111010110011110110110001111001101101011101111010010011001001010011111001111111101010
1010110100010111011111100010101010000111100110110011101000101101101010111101001000111111110111011010110110110111111111101001001101000101000001101110101100101111101100100001110010100101110110
1011111110000010011001010001110110101111011111000010110111100010111110111010011011100011101101001110010110111110101111010110110011111111000001110101011101111100001011001110011110100011110110
1110110010111110100111000110110100101101011011010111110101001111011110101100011001110101110111100000111011110011110000100111111011110001101111100100100001101111011000000001000101001000111010
1111010101101000000000101111111010011111111101110111101111110011111011101001101110110111110100111101100010110001101011010010111010001111110011111110100101001110011101110011111111010000101011
0111101100111010100111110110000111010001110011011111010110101111010101110111110001100111101100010110010100110001110110001100011011111001101010000111011001110011100111011100011110111011101111
0001101101011101101111011110011111110011011001011011111111100001110001011000010010110111100100100110110111101011001010111010011010101011111101100101111000101100110011100011111000000101111001
1110110111000111111111100110010110110111110011001110001010101011000100111101010101100111100010100010000011001001000110000100111111001101010111111101111100010001011100010011110100000000100101
0101111101101010001111101101100100000111100111011001011110110111111010110001101010110100010100110110111101011111110111110101100111111010101110010101110110001011011101010101111001101101010010
1100100110101011011010011110110010001100010100000010110011101011011111100011111111011001010011011001011000011111101011001011110100111001010111110001111101111100011010100101011010000111011000
1010111110110010111011000011100100111111101111011110011110010110101111111110110101101101010000101010110000011011001100111100100001001110011111110110011011011100010111111101010110111111111101
0010001011100000110101101101011011010111011111101101101010111111001111111110000000110101110011101110110101011000100011100101101101011100011111110111111011100110011011101100101000010100011001
0111000111110011100101111100111011101101111110001110101011101010110110111110111111011000011101111001101101110111111111000110101111011111111001011111111011010110111011101111001101101110110001
0011100111110010100111111100001011011011011010011111011111101110111011001011011110000000101010110011101101111111101011110001111101111111110101100101100001111111000110101101000101100111100111
0011011100110001001101111110111110000110010111101001111111001100111011111111111110111000111111000101001110100000000010111010111011010010001101110110110111011011111100111011011010000111100111
1011100110111000100110111011001111011111110010101111100111010111111011001011111110001011000001110110111011111101000110111101011111110011101111010101010011100111001111110110010000010001010111
0101101111011100101001011111110111000111100001111011101101011011111110011110110001111101001001110100101011111101100110101011011110111110111001000000110110110000111110011001101100001000101100
0111111101111111100101011011010101101011111101011100010111000100111001011101001000000111010110101100100001111101110011100111101110011000010101101111111011010101111111011100101101011110000001
1011101101001110011011111001100111111000111111011100111010100111110111110011111101000101001011110001101111010000000100110111101101010010111100000001111100011111000110111011110010100111101101
1111111111011001011011111110011111000100011011011111011001011111011011011110100010101011001100101110000110110101001101100100101110010101011111111110111011111010100100111101001001011111001110
1111111110111111011100111110111101001011100011011100111101001111011100011111100000101101110100111001010111111101100111100100001100000101101100111000000111101111111011011010001101011110110111
0100101111101010001011011001111111101111111110011111100011011010110001100100110111011110111111000100110011011111101111111100011110111001111100010111111111111111110110000000111100011001101110
0101111101101001011100001011110100000000111111111010110011010111001111010010011001100110110101001100101011111111011010111101110011110011000001101111011100111110100011101111111011110110000000
1111111011011100101111111010001011110011001101110010010111001010110011001111010000111100001011010110100101110100010110011111100111011111111011101011011001100111110111100001000001111111101101
0001110001011111110001110101010100000101101111111110111011100101000110001101011101001001111010111011111101001111101001111101011110011011100111100000010010111111110111011010010001100111100100
1111100111111101001000101100001011111100101111111110111110100001101110101111001111011010100010001101111101110000101011001011111101010000001100110111100100110101101110100011110001000000111011
1111111111111001111000100100111101011111011001111110010001011111001111000100010000100111000101000110111011010101111100110110111110110001101110010111101101010111100011111111110001011010111101
0001011101111011101111111010111101100110110000010101001010011110011101001010110101011110111100111111001111011000010011010011101110101101101111111110011100100110010001101111001110010001110101
1111111011101111100100110001111011010101000110011101001111000000000101111111101101111000100001100111001010101000111111101111111100101100111111110011111111101111111111110111111111000001010100
1010010101111010111000101000011101110101100111000100111011111111100110111100100001100111110100010111110110100101010110010010010011111011111111010100001101100001100001101110011111111111011111
1101101101011101001010101010101111111110101100111010111110010111111111110011001101001111000111001110101001001011110011000011010100111001101110110110110111111100010101010111001110111111111010
0001100100001011010111111001111101001110001111111110111111101111111001011111110110000001110111110001111000000001101101110110100001101011100000001110011101101101110100101111111101010101111111
0110010101010110011011111111111111111110100000001100001111010110011001000000100111001110111101111111100100111101101010001011101100110110100111101101001000111110011101100110010001101110111001
1011011001101100110011001111110110111110010111001100111111010001101111111111111100000111111011011010011001011111100011010010110001110101100101111110001011110010010101001111001111111101111011
1001011110110110011001100001010100111111001011111011101010111011011111011111111001111110111111111011100001100111010011110111001010011101101111001101110111000110001010110100101111101110011011
1001110111110010010101111101110100000011001101001100110100011111110001110101000111111010111001110100110101100110101110110111110010001101110110011111010001111001110111101111111011110111000001
0100100110010111111110000011111111101100101011000111111110101011001000101011000001100110111011111101001001111000110000110101000010100111111000110100101010110011000001100011001010000010001100
0100001001111000111111110111000101110011110100011111100100111100111110011111100101110110000000110100000100111000101100100101101101001111101000111100111101111001101011011111111100010101010000
1011010110011101011101110000010110010010110101110111011110111101100110011010111111110110111011110101001111110000111100110111111111111110011111101011001101010111100011111001001011111110111100
0000010110011110111111111011111011111110011100111111100001001010111100000111111001101110011001100111010111101111011011011001111010011110010010100100101011100100000100000101000110110110001111
1100111101111010010110111001011101101011101101110001000111111101101010101110101001000100001000011001111100010101101000111011011111110001110001011011001101111111011111010000010001010000110000
0110111011001101111010111011011001100100111000001101010111011011100100011011010100110110000010110111010011001011110111001001010000111000011111011101000111000011100001001111110011100011011111
0101001010110111100001001110110010011011001111111000111101101111011101011011001011010100110111101001011010001011001011001011001011111101110110011101100001111010001111011110000110110001110111
0011111011000010101101100111111110100001111111111011101111100110100111110111011111101111111001111010111101111000101101011011001011001110010110000101100111100001101010000101101101111001110001
0111101110100011010101110010111100000110110100111100011101011111101010001111010001101110001011100110110110110000101110110010111101100011011001110111100111101011111111100111010111011110001101
1001010010010101111110101101101001010110111110111101100110111100111111101110100101011011111111110101010010011111010001011101001011011111101101100101110000010111110110001101111110101110111001
1001011111010100110110111010100110101111001110110101111001011011111111111101010101010011100100111101101010111101110011101000111100111110001110011010101111011111101101101110100110110011111000
0111101111101101111111100100001010110101011110010010100101101000001101110010001100110001110000111110010001000000111110110100111001001101001110011100001110110000111110010110110001101010111101
1011111001101101010100101010010011011111001001111110010010100111011110100101101011011100101111111101010010011111000000101000110111011001111011101010101010010001101101100110001111101110101110
1101101100111000111010011101010011110101100110001101101110111110101111110101110100100101011100001011111111111001010111000001010111110000101110010111110111011111001101000001111110100100110011
1100011110111001111110010010101111110001101100111110000011010011100111001010100001101010111100011110110101011111111110100010101101111110000000111101011111011101110111111111110011011001101110
0011110111011111010111000001010001010100100110100001100001110001111111100101110011111111001110011011110011101011100001011101000101111001100000111100101000001110100011000011101001101111111001
1000100011111011111000010110110111001011110111111100101000111010101010011101111110100011110000110111011100101001111001011110000000111110010111011010100101110111100011101111011011101110100010
0011000001110111011011100101110000111110000111001101110010011101111111100010111110001111111111100111110001010011110111111001000100111000110110110010101000100100110010110111111101011011101111
1001110010111110000001101101110010001011111001011101111011110100101010110010000011101110111111101111110101000011010001010111101010100110001111111101101110110101011111110001111111000111011100
0001011011110111101011100101111111110111101011101110111111110111111110011001111111000101111010111101101000011101110110100110000101011111100101101110101001100011011111111111000100101001111100
1110000101010100101111110110100010011000011111011010111110011111011010100111101011011111100100011010001010100011010111101111100010100011000101001111000111011011110111101101110101010010011101
0110101010101010011011011101111010010111101111001110010111011111001110011101101101100010110000110001111111100101011101010011111101001000101001100100111101010011010100010100101100101100011000
0101000001101110111100011011111010111101011001001111111111111011001010010101101001101111111110111111001101110001111100110111111010001001101111111001110100110010011101111101001100001100000111
0111000111011101110111100011001100110000001101111111110110001100101110011101011111111110011000101100111110011011101110111101111010110010100001011101010101110111100101101001111111110100110101
0111111101100011011101101011000110001101101000010010111101101100011101010011010010011110010011001000110001111111100110111001010110000001001100101111100110000000101000100100001100110101011110
1111011001101001110010000010100001001011101111111111100101110101000101111001010101010111110100011100001011000111100011110001010111001000010101110100111001111001110110111100011011011000111010
1100110111001100001101001010111101010100101101101101100010011101111111001111111110100110100011111101101110111110010101101100100011010100111010011110111111101110001001110011000111000001000110
0101110100101110111101110000101110010111100100110111101111101010001111001100111101000110110101101101111111111110010100100110101010111001000011011101110001011101110011011111110101001001111111
1000011110010110111111110110101111011110111110011011111001011111010010101000010110111110011110101000011000001101111111000100011000000011000001011101100101011110001110010011011110111101011010
0000111001010111110001001101010110010011000111000110111111101011100101011100101101011101110111101011111100010111001001111110000100110101000101101111101110010001110111110100111101011001110111
1010111011101010010110001110101110110001101101001100110110001100001001111100100111111011101111100111111101111001001110111010011111010110001011100100111000100100100000110010111000011111101111
0011011100010111101111000011001111111110010101101110010010111111111000001000111011111000100010001101111101011001101110011110011100010001100100101100101101011110110110000111111011011000101010
1110111001010111101101010010111010010101001101011110011010111111110101111111110110111111111010011100111001110001011001100100010111111010111100000111001100110101011111111100111110101011110111
0110111000110100100010100101101101010011011100011101111001010000101110111011110110111011001011011110110101100111100001100101101110110110001110000001010000111011111110010100011110011100111010
0000111010100110100111101011000111011100000100011110011111101101011110111101010011111101100011100011111100101110011101011011111100011011110000000011110110011100011010001111001000111001101100
1000111101100011111111010110110100100000000100010011101101001111000110111110010010000100001011011000100011111011011100011101110111011101111010000100011011000100111111111110011000101111101101
1010100111101110001011111011100011100001110101011000011010101100110011110111111111011111101010110011101111111110101111101011100111101111111111001011011101101111110100110100101110001111010011
0101110011000101010110011010010101011000011111100110011010110111010100101010011000011101001010111011110110101001010001010110011011000101001001010101010011100101110111010100100111101010011101
0111000011111111111101011000110001110111100001010111011101011010011110100101001111101110101100111011010001011001011111100011000101011100111001110110101010101011011101110100101011111110010101
1101000111111111010011001101111011110110001001100110001110101010101111010110110111101111011110100011010100010110100111110110111110110111111110010001010101010011101101111111010101011011101010
0110101011110110010011101110010110000011110000100010011111110101111011100101001111111101111110111100110110011010000000100011000000111011100100111110100001111000100110010110101110011110011001
0111000110011011110000011101100101111110111010111111101001100111101011111111001110111100001110111001111011100111110000011101101110100011001111001101000110111101010010111010001011100111100110
1110101001111010100110011011101101101100110011010101111111111100110001111011010011100001010101110011111110010011011011011011010101111101011011010100101010110101110011111110100101010111110001
0010110111101101001011010100010011111101000001000111011001110000011111100100000001011101111011100100010100110100101011011111000101000101001000011011001101100011011110010100001011010110110111
0110101110010100011000101111111011001110110111011010011111111101001111011001111000111111101011101001011110111011111111010011010011101011110010001110110010010111001110111111111001111101101100
0111101011111110101110001100101000101001110111001100011111111111111111010011101100101010110011111110111111101110110111001000011110011011000101100111011110001010101101001111101111100010101011
1110111011110111011000111100011011001110000110110110010011101110100110010101001010110111011110110111000101101111010100111111010101111010111011110000111101001100110101010010100010111001101000
0111010010111110111001000101101101001010011000011000110011100100011011111011110101110011000111110100010111001010010101010011100001000011110010110101011000110000110011010010101110111011100001
0100111010110011001111110110111010101111000101010110101101111100111011011011110100111110101101111111110111010001110000110011111100001001110111011110001101010010000111101110001111011000110100
0110000000000110000110000111111001111010110110110111000100110011010010000110111001001111100111111101110001110101011101110010110011111001010010100101100011100100110101010110011010111100011001
1111111111101110100101000100111110110111110111111001101010101111101011111110101011000011101101101111011010001111011011110111010111101010101001100111101111000000101101100001010011110011101111
1111001100101101011000010011001010000111011011010100111111111111101011111010001100000101011011111111011010001011001011111101111001001110101110101110110100111011000111000001000001011101100100
1110001101101100011111111001110001111011010101011111010010111101110111011000110111111101011001101100110111101000010001101001001111110010101011111111001110011010000111101111111111100100101100
0010011110111010110011001111101111111001100110101100000111010011111011111111110011101101111001000010010001010010010111011110000110010101010001111001100011100001000110010011001001011110111111
1101100001000100110100000111101110101011111001110010001101111100101100100010011011010011111110101110010111101000110101111111000111111010011011101111110011110111111011111011111010001011011100
1011111000001001000010000110010101110110100001000111011111010101100110110001001100111110111101111111010000011011010111101001111111000010111011111010011111001100111101110110101100010101101010
1101010111100011111010000101001111011001010100110001011100001111011000111101011101011100101001011101111101101111011101010111110111011001101001001011100100111111110110011111110000010110000000
1101111110101101111100001001010100111010110111111101111111111111101011101010010100111111100110011011111011011101000001010101011111011111001101001101101101000101010110001001111100101001111101
0011000111011111011101011101110110110011101100011111101011101101111011011100011011010001111111000101010100010011010100001001001110110011111101101111111111011010001111000101110111011110111000
1010111101111101110010011110110000011111000101111101101111011111010010010001001000011111011111010101101010101011001100110001010011011010100001011000101101100100010101100011010001011010110111
1111100010100111111100001010101000110111011001100111001101110001111101011001001001111110101010010001111111111010101111111101011011110110101011111111110111100110010011010001010100011101110111
0101010000011111011010111101010011011100100000111011100001110110110111011101010110000101100101010111111111101110001101011101111010000001110110011000111101111110011111001001010101111001100111
0001101010011101110001111011001011111111010010110011111111111111110111001110110111110111010110011011110110101111101011100011111111011001110010010000100001100001111101111110110101010110111100
0001010110101110110111101111011010110110101000011111111101001110011111110110010111001000011100110011010010011010001010111011101101101000101111000111010101111000010111110001000100111011011111
1111101001101000011000110111110011001100011101110011110011011111001111111111011111110001100100110111011011001010011001101011011101001010111111101000100001000011010101111111001101110011111011
0001011111111010110111100001100111111001100010000111110111110101110011110101011101101101011011110000111110111111000010100110111100111110011111111101011011101110011110100000010111001001001001
1100101000001111100111101110111111011111001011001111010001000101110000111001111010010110011001100000111110110010100111110110001111111101111001100110110100101100010010110111111001111110110010
1101100010111110100110001011011001111011100000111100111001011010110110110011011000110001000100010000111100111101101101110111010100001011010011100111011010111111010100010000001000011110111110
0101110110100111111000010100011111100001011111111011111101011011101000111100110001000110001011011111011011111001011011001101111101001011101010000011101111100101111000011011011100111111000011
1010110101101001011111111111010100010111110101010111111111111110110011111111001001010110000100011100001101111001101110111110110010101100010001011011001001111011010000100010110101001110111011
0101111101110110111101111110111111001111111011101000101111110101011011101100011000011000101011111001101110101011110111010001001001001110011110110001110111011111101011011111110111001111111000
1000110000110110111110000111111101110011110001001001110101001011000111110100101001010100011011101001001101110001000011101101111010110010111111111111110001011110101100111110101111110111111011
1010101101000111001100110111111010110011111101010010111001000111110110011110000101111111001111011100001111111011100001100110110100111100010100101101011111000010111011010101000111111000110101
0111110110000000011101111100000110001010011110010111010011000110111100101101001000110111001111011101001101011101101001111100111101000000000101001111111110101001001101011001110111111000110110
0001101110000011101111111111001110110011001011011011101110011001000001100111001101110011100110101100111110101010001110010001101110000101111101011100101101011001100110100110111001011000101101
1110110111101010111101101111011111011010011110110101110111110100111111111111111110010111010101101111100111100001010110111111111010001010101111111000101111111101111010111111010110111111000011
0101111111111000111100101111101110101000010010011011111100110010111111001011100101111100100001000011111111110011011110111010100111101110111001100111010110000110001100111101110110111110000010
0100111011110110110011110001001011111011110100011010010011010100111011001100111100111000010110101011001111110101101001111101101111100110110110111010110001110011011110110001111010111001000100
0010111111100111101010001000111101110011011111110110010011101000111101011011001010010011110111101101111010000101101101001101001111011101101101011011001011000101111100101111100010000111001010
0101000010010110111111010010001111111010100000111101011111101100011101011111111001000011100011100010001110110000101100000111011000010111111111100100101010100001001010001110110111101010110101
1111011111111111000111010001001110011110111010100010110111110011110101101000011110011111101101001011101011111000101111101010101001011000101101001111010110101011001000101110111001101101100010
