0000000010010000000000000000100000000000100000011010100010101011010000011100000001001001101101001000
0011110100011010110111001111100101011101010111100111011010110111010000010000111011110111000101100001
1000110000011110010010010001100011010110111111001000101011111000010100001000000101000011001101001001
0010010010010000111100011111111001011101001011100011111101100111000101111111100111001000111010111001
1000000000000000000000000000000011010000000001101000000000101110010000010000000101001100100101000000
1000100000010000000110000111000011001100011101111011001010110101010010111011010111001011010101101001
0001100110011100000010001011111001001101000011010110010000111011000110110101110100101100011110111011
0000100010011010000000010001000011000100011011110001001010001111010000011000000101001101100001001001
0000000000000000010000000000000010000000000000001000000000001000000000011000000100000000000000000001
1000110110011110010110010100100001010110011101101010101000110111010110110111010111000011111110101000
1001011010011101011100101010101110011100000011111111110110001010111100101111100011110111111111001011
0000000010000000010000000000100010000000001010010011100010100101000000010000000100001100011000000000
0000000010010000010000000001000001010000001000001001101010000111000100011000000100000101110100000001
0000000000000000000000000000000000000000000000000000000000000000000000000000000000000000000000000000
0000100010000100000000000001000001001100100011110001101010100111000100010000000101000101100001000001
0000010010011010000100010100100010011010000101110010011000110101000110111101010100100110000111100001
1000010000000101010011011101110010100010110110110110111100110101000111011011111101110011000001001000
0000000000000000000000000000000000000000000000100000000000000000000000000000000000000000000000000000
1010010110001010000110010101100010010000010000110001100010010011000110100111010111101110010010100000
1000100010001010010000010101100000001110101111000011001011101111010110111110010111001111111001101001
0000000100011010010000010000100010001100101000000011100011100111010110001010010011001001000100001000
0010010100001011010010000111000010010100101101101001010010110100000000110010010111101110111110000001
1011010110000110101101000101001101001110101110001110111111111101000100111011111110010111101101100000
0000100010011010010000000001000000011000010100101010000010101101010100000000000001001001110101001001
1010100011001110000001000010111000101110111101111001100010110000000001010000000011101110110100101001
1000000100001110010010010001000011010010100110110001101011110010000100000101010011001010011001001000
1000000110001110010100000100100011001110110011111010011011011101010110011011000111000110010110100001
1000000010010100000000000000100001010100111010111011101010001110000100010000000000000001001100001000
0000000010000100010000000000000001000000011000101000000000001110000100011000000100000100100001000001
1010110111000010001110000100100010011010101011101011111011000010000110111100110111100111001011001001
0000010111011010011000000111110011010000111000000011011001100101000110111111111010001111111101000001
1001100000010110000011010110110000001111111110101100110111000111010011111011101011111011001001110000
0000000000000100010000000000000000000000000010000000100000000000000000000000000000000000000000000001
0000000010000100010000000000000010000000000010101000000000001000000100010000000100000101111001000001
1010110111001111010101010011110011010010011111101000101110011111010100111011011010101011110100110001
0000000000000100010000000000000000000000000000100000000000000000000000000000000000000000000000000000
0000000010000000010000000000000010000000001010101010100000000000000000010000000100000000011000000000
1000000000010100010000000000100011010000100011001010100010101100010100001100000100000000110001001001
0000000000001010010000000000000011010000101110101000101011111100000110010111000111001110101110000000
0010110101011011001011010111111001000100111001010101110111101011010011010111101011111100111011100000
0000000000010000000000000000100001001000010010001011100010100101000100011100000101001000011100001001
0000000010000000000000000000000000010000001010101010100000001011000000000000000001000001101001000000
0000000000000100000000000000000000000000000000000000100000000000000000000000000000000000000000000001
1000100010011110000000000000100001011100001001011010001010001011010100011110000001000100011000001001
0000000000000100010000000000000000010000000000100000100000000000000000000000000000000000000000000001
1000000010010100010000000000100001010000101000011011100000101010010100001000000001001001011100000000
0000000000000100000000000000000000000000000000000000000000000000000000000000000000000000000000000000
0000000000000100010000000000000010000000001010101010000000001011000000011000000000000001001001000001
0000000000000000010000000000000000010000001010000000000000001000000000000000000100000000010000000001
0010010101011001011111000111111000011010111100010001111111111001010101100111001001101111110001000001
0000000000000100000000000000000010010000000010101000100000001000000000010000000100000000000000000001
0000000010000000010000000000100010011000010010101000000010101101000100000000000001001100111001000001
0000000000000100010000000000000000010000000000100000000000000000000000000000000000000000000000000000
0000100100011110010110010101000010011100110001010010101011010100010110111101000011000010010110101001
1000100010000100010000000000100011011000100011111011000010101101010100000100000101000100010101000000
0010000111001001011101000001011001011100011111010000100000110110000001101101100100001111111100100001
0000000010000000000000000000100011011000011010110000100000001010000100001000000000000000111001000001
1000100010010110000000000000000011011100101010011011001010100010010010110011010110000000100000001001
0000000010000000010000000000000011001000001000110000100000000000000100010000000001000100101001000001
1000000110001110010000010001000010011000000010110011101000001110000000011110000101000101000100000001
0000000000000000010000000000000000000000000010100000000000000000000000011000000100000000010000000000
0000000010000100000000000000000011010000010010111010100000101011000000011000000001000000100000000000
0000000000000100000000000000000010001000001010001000000000000001000000010000000100000000010000000000
0000000010000100010000000000000010011000001010001000000000001000000000001000000100000001001001000001
1010111111010011101111101101111100110101111001110101000101001000000110110011100011011101111001001011
0000000000010100010000000000100010010000010000011000000000001111000100000100000000001100110101001001
0010010100011110001011011110001111110101110011010001010110100001000010011100001000110010011011001011
0000000010000100000000000000000000000000000010011010000000000010000000010000000001000100100001000001
0000100010000100000000010001000001011100100101111001000010101010010000010000000100000100011101001001
0000010011000100010100000101100011011010100010001011100011101011000110111000100100101101011110100000
0000000110011000010000010001100010010100111111010010101000101001010110001000000101001100010101000001
0000000000000000010000000000000010010000001010100000100000000000000000000000000100000000000000000001
0000000000000100010000000000000010010000001010000000100000000000000000000000000000000000000000000001
0000000010000100000000000000100011000000001000110010100000101111000100001000000101000000111000000001
0000100010010100000000000000100010011100001010011000000010001110010100001000000101000101110000000001
1000100110001010000000000001100010000100010001010001101010001100010110110110010110001001011000000001
1000010101011110010000010111100000001100101111111000111010001110010010101000000011100111111101101001
1000100010001010010000000000100001010100011000111001100000011001000100010110000101001001101001000000
1010100111001110011110000011110010011110111111011011101000111000010000111111110101000110111011001000
0000000000000100000000000000000010000000001010100000100000000000000000000000000000000000000000000001
0000100010011100010000010001100001000000011000010001100010111000010100111000010100000101000001000001
0000000010000100000000000000000010000000001010000000000000000001000000001000000100000001010000000001
1000100100001010000100010111000011001010110111001011111011111111000110110111000101001111111111000001
1000100101001101001110011001110001101100111001101010000100100010010110010111111110101101110011111000
0000000010000000010000000000000010011000001010111000000000001000000100010000000001000100101001000001
0000000010000100010000000000000000011000010010011000100000000011000000000000000100000001000001000001
0000100100001010000010000001100010001100111110100001101001110011010100101111000111001100110000000001
0000000000000100010000000000000010000000001000100010100000000000000000010000000100000000010000000000
0000000010000000000000000000000000010000001010010010100000000011000000011000000100000000001001000001
0000000000000000010000000000000000010000000010100000000000000000000000000000000100000000000000000000
0000000000000100000000000000000000010000000000100010100000000000000000011000000100000000000001000001
0000000000000100010000000000000000010000010000101001100010001110000000011000000000001000101001000000
1000000100000110010010010001100001010000111111111011101011100001010100000011010001001111101100101001
0000000000000000010000000000000000010000001000101000100000001000000000000000000100000000010000000000
0000100000001100010010010001000011010100110111101010100001011010010010111101000101001111101001001000
1010000101011101001111000101110001011100000010111011101110101001000111110101011011101111100000001001
0000000010010000000000000000000011001000010010100011000010101000000100011100000000000101101101000001
1010110011111010100111111100011111101110000010011100001000110101011011111011110111011101111010111011
1010110101010110001011010111111010011000101001010001000100010100010001110011011101110000001110110001
0000000000000000010000000000000000010000000000100000100000000000000000000000000000000000000000000000
0001100101001001010110100111010001110111101011100110011110111101111111101101100011000100011101100011
0010011010101111110000010010001111100110110100010011101011101011100001110000010111111101101101111010
0100111111111110100100110111001000001000110110110110011010110101000010011101010101101101011111001111
1000110010111011101100001111110111101001111001010101110110000011111101000111111010010101100101011010
1011001111101111110111110110111011011110001111111110100100000101011100001100111101011001010010101101
0111001101101111111001010101110111100111111110111011010011000011111111010011110101010111001000100110
0110110100110101101011111111000010000111011010100100011010101111111010011011111010001100111111100010
1010111000001011000101110111101010001010011011001111000110101101100111000101110100110001011100101011
0111100001111111101111101101011111111110111010110100111101111111111111111100101101111000111110011101
1010110010101110111100110111010010100010111101100011001101011101110110110011000010111110011001010110
0111111011001010111000111010101111100101110001001100111010111011010100010101111111010111001010111101
0011001010001111010100110110011111011001111000100110001111001111010100101100100100011101001010010101
1111110111110111100100001001111100001000001100110111011101111001111101110111011001110101011111011001
0110111011011011001101111111010111111111010010110110100010111011111011011000101111001101001110000010
0111110111111101111111110111100100100000111111101001010011111101100001101110101101101110101010001011
1101111110011110101011001110111101101100011011101101110101010101000110111111101100001101000100011010
0111111011101011011111100011111010001110111101101011001010110100000110000111001111111100110001001101
1100110001110010100011111011010100011111010111101100101100111111010110000011011110101110111001000010
0001011011100111100101111011011101010100010011010101111101001111001111001010110100010100111010110111
1011100111011110101001101111111101001101001110100101011100111011011100111010110100101111101010101110
1000101010000011110000000100001001010000110110011111110101000010001100110110001111010110111001101111
0000111110000111111100000011001001111011111100011111010010011110101011111111101011001110111111100000
1010101111110110111100000110111010100011100110101011001100011101111100101110101110100111000111011101
0110111101110110011000000111111101001110110110111011011101110100101100001111101110010001111101101010
0001001010101101011100000110100111001111001010001001101011011111111011011011101010011000110111111111
1011111111010111000110111010111011110100101011101001010101011101101111011111111100101100011010101100
1111101101110111111101111101100000110101010000000111110111110011101111111111001001100110010011101101
1011011111001110111101010010011111101011011110110101010111101101110001011110100111111111011100110101
0001110100101011100100111110010000011111010000111001110011111011101110111000111101101011010001001000
1001110011011101111100110101101001011000100111110101101010000101011110111011110011110000110001111010
0110100110111001101111110101010101110101000001111111010111011010011010011111111110000010010010111101
0101010010111111011100011001001000110001111101010110111101111110011111100110111111111101011101111010
0101111111110100100000101101000001011111111110001101110001111111100111111011110011111101111000111100
1101110010110101001111011101011010110011000101001011110001111111010110011101100111111111101100110101
1101010011100111000001100111001101000001101100110110111001101110110100001111101011110000001100000110
1000100010010100011011000110111111001111011111110101101000110101100011001100000001001011001111011010
0011100110011101110101011001110010010110100101110001001111101001111010101001011111010101110101110011
1100111010100101111100011110101010011000110001110011000010000100110111010111011000010101111011110011
1100111111000100110001111001100011011000111110011101001111001111011101110101010110010101110001010001
1001011000110100010101101011101111110000111100111011001001011011101111001111100011110110100001011110
1111010011110010100011110100010110101111010110100000011100110001100011100010111011111000010011110010
0111011111110111111011010011100110010111101101011001101101101101011111110000011001100111111111110010
1001111111011011100101001101000110110011010001110111110010001011111111101110111011110101110111111011
0110110001001010110111110001010111111011110011011001111111000111111111010000011101100011101111101001
1010111110000111011110111101010010010010100101000101111101111111110001010110000000101000001111110111
1001100101100011111000000100011101011100011110001001101011100011111010110101011001101001001011110000
1010111011011111110100110101111000111101101000011100101111010100111010001111101011101010101110101110
0111110010001100001011010001111100111111011100101101111010101010100111110100011111101111111010101101
0000110100100011110011111100101011000011010101110100011000110110111111100011101100101111101011000111
1011101110111101011111000011011110110010001010111010011111110111101110001100001110100110111010011011
1110110101011100100011110010001101100101001000000100100110110111101001011111001100110100001010010010
0101010101001011101111111111111011011111011111010000111000111110010001011001001111011111011001001110
0101100010100101011010001010110111110000011111110011010111100000011001010001110100010100101001001011
1011011010101011001111010111101111100000101110011101101011100001111110011111111111101101110111110111
1110001011111000111100111000010100111011110111111101010011110001111011010011001010011101010100001010
1001100111011001011110110111001100001010110110100110100011110111100010011111111111010111011101011111
1111011100110110100001001011111000001110001101110110111101011110011001101001011100011111100110000011
0100010011011011001010011111101111101011010111100100111110101100100001000101111111100111000000000110
1110001110101110110100010011100111111000110011011111111101011001111100100010001110010101011011011111
1010000011101111110101111110101111010001100010101111001110101001011101101001010010101111101110101110
1100001111111110011101101101101111101011011010010001000011110101101100011010110001001100100111110011
1010101111010011111001111101010111110110010110101111000111001011001101011101110111010011111000010110
0101011010110100011111001010101111100011001111011111000110000100011001101110101110011100101111001110
1111111111111111011100101111110011011011111111000110011100111100110001101011100111100111000001111110
1101011111001110000001111111100010111101101111111110011101101001000111101001011111001110001101111111
1001111011111100010100101001011101101110011111101001111010110011001101010111011101101111110101001101
1001111010001100001111111110111100001011011101101110111010111110010001011101011000111110100011010110
1001110111111001111110110110110111100111011100011100010000111100110010110100010001100110011110000100
1010011111000101111001001110111111011101111101111100011100000000100100001111101101110001110111001011
1101010110001110001001001111000110010111111110011011101011010111111000000011011110001100011010001100
1100000011011011000111100010110110001010111001011000000010110011100100011111010110110100100110100010
0110011011101101000111001111111011000110010111010011111100001100011100101110111010000110111101110110
1010101010010111001101111111111011111001001000100111010110011111101010110110110101111101001111000101
1011100110111011100011110111001101110111001011110110010101000110011110111001101011111111010011111011
0001011001001011111111111111011110100101101010101010011100101011010011111000111100010000011010110111
1011011101101001110001011110011011101111000001101011111111010101111011100100001000111011101111110001
1001111110110111001101111101111111100001101000101000110101001111000010011110000110110011010000000111
0111111100101000011100000100111110001110111101010000110111011100111101111010001011110101010100110011
0001101010101111110011111110101100101100111101111111011111100010111011010111010111110110011110001110
0110110110110111111110110101101101001010000100011111110111100111110011101010101010001100011100111110
1101001001100100110011111001011111101011101000110101011101110111100001110100111101101000001111011100
1110110010101110100011000011110111111001111101110001010101001101110110001100011010011111101001111110
0110000111001010110100100111110111100001111111111110010001010001011110101101111010010111000111011000
0101110111111000101010011001010111101111101000000011101110100110001010101111111001101010010101101111
0110101011010111110101001101100111010000100011111001011010011010111001001101000111010101100010011100
1111011001111111111111100111000111001111011000011111111111111011111101111100011101101011111111111101
0000010001100010010111100011101001010001010100111101000111010101111100010101101001110100111101110111
0111110100111101000100110001100111011110011101011001011111110101010010001101110001101100111000101000
0101001010000010111111011000010011001111011100111100110010011110011010110001000001001111011110111001
1010101111001000111011011111111110001110111000010101011100100100010111010110111100010111101001110111
1110011111111110011111010101000111110100010111111111100100110110100101011011001111000111110101111110
1111001110001101000001111001000101111000011110100000011110011010110110111001011110110110101011001011
0010101010111110001101101110001000010100111111111110010010111010001111101111001010101100100100010110
1111001001001000110011111010110100011111111111001001110100101011111010011101000011110110011100100011
1100111100100000001111011111011111001100111111110000010000011001100000110111010101010111111001010111
0101000011111001001000101001011111011111111011000110010100101101101000010111010111101110111010100101
0111100110101011100110111110111110010001001100110101101100110011110011000100001111111101101100000110
0010110011110000101110101111001011100001000010111001010101110111111101011010101111011110011010111001
1111011101000111011110011000010100111101111010101111111111111111101010110110111101010010011111101000
1010100110111010101010101011001001001110001110011100110110101000110010001111110000010110110101110100
