01010011010001101010110110011010001111000001111111101101101100111110111110111110011111001001011101100010010011
10101111101111001010011001101111111011110110110111110010110001111111111111110011101010110011110101100011001001
01010111100101101011100100001110110010010100101110001011011011110101110101111100101011001000110110011011110101
10100111111111111100011011001000110110010111000100110001110100110111111011110110011010011011111111101101110010
01000101100110110101101001011101110011110111001111111100010010100001011010000100010111111111100110101110110000
01111001111001111111110111010000001000110110110101100100111111111001101111010101110000000111110010101001110011
11110001110101101111000111011001101011101111010001001001101000111000011011101011100001111110101001110101010011
11111110111110111010111011010010101001001001001001101000111111111101101110001101100111001010110111011111101111
01111111000000111000100000101010111001100100011110100010110110001011101111110001101111101000110100000111001110
10010111001100011100011000011010111111000101001111111000001101111101001111001110110100001111100110011011111111
01010101010011011110111111111010111111101101101111011111111101110111000111001111111011101111000110111010101100
01111011010001111010111000101010101011011001011110010011011111101010010100111111011000111011001011101111101011
01011001001001100110111110100011100000111110111101100111000101101111101101010101001110100110101001101011010111
11110110001110110101110001111101111011111111000010011101001110001011111110111011001101101011010001111111100011
10111111100111011111111111111101011111010001010111010001111010110000011101111011001001100010101010111001011111
00011101111101101000000000111011111100111011100000101110101111110101000011100010100111110101000011010111010010
11110111111100110110111001110010101011100000100101010011111001001100111001101001111111001111100001110101111100
00011110011011101011110011011010101011101001110011101001111010111100110010011110010011101111111000101100001001
11100111001110101100000110000111111011111010100101101110000111110111101010111011010010100100011101010111100011
00101110000001100100101111011001001100101001111001010111101101011100000001101110111101110011110001110100101110
10101101101111101101000100101111011111101010100010110100111111010111111001101111001101010011001011010101111100
11010101011111101100001100011100100000101001011101100011101110111100100011101111111111111101010001101101011101
01011001011110101001010101101111011101110111101011111111111011111111000111010101111110111001011111100010011010
10100110001010100011111000101101111011101111001100011111001010111111110010100111110110001010111110011011111110
10010111001010100111000000111111000101001010111110110001011111110001001110110111111011101110110011001001101001
01011111001001101101001000010001111100011111011111011101111111101101110111011101111111111000001110100010110111
01000000101111111000101110010111011101100110001011110111010000010001111011011101011011110010110100001100000110
10001111011001111101010011100000101101011110001010111001001011110000011101101100100001110011001101011111111011
11111010111101110101111110000101011001110001011001001101111110111001000011101010010101101011010100001100111110
01101000000001100010111110101010101111111010000110111010111110101010111001010000111111000000010110101110001010
11100001111110011110101010100101110100100111001111010110100110011110111111100111111010000111011011110111100100
01001010000011110011101111101010111010111110011100000011001111110110101100000110000101001100000011000010110011
01111011111111011110010101010111010111111101001101001101111010111110110111111011011011111111110000110100110011
01111000111001110010101101101011101100111000010011101001110110000110011111000111001110000000111001011001000110
11000111111101111111101101111101010100000001011110100111101110111100000000100010001101101011111111101110111111
10010000011000110001101011110110111011111100110101111111111100010000000100111000100111111010010101000011111110
11111010011101101110100100000101100101001101001111010010101100000111100111101000011100110011001000000010110111
11001011111101101110101110111100100110111011001111001110011101101111010100111001011101111000010011101100110101
01001110101011011111111100101111110101001010101111111001110111001010001011110000011001110111101001011001100101
01111100000111110010001001011101110101000110011111101101100010101111000000110101111001000111110111010101100110
00000011001111010111110111010101110111100011101100101001100011110000011110101110000110111110100111111100100010
01111110111011000000001101110011100110010001011000000001011011010011100010001110010111001101000000110110101111
01011110000011010010101111110111000001111001111111001000011011011111101011100110011100001101111110111011111110
10011011011101110101011101001010101011001110000000011111111111101100110100001110010000110101011111011001011111
11100100001010011111101010000000000100101010011010100111101101001100101010010111110010011011001110001011001011
11000110100110100101010011001001011100010110101111111111011001110101110110011100110010101011101011001110000001
10101001111110000001011111111011101011111110110111111100010001110111111001110001111010010101011011001110011010
11111100111110101010010111000111101111111010011011110101000011101001111001110111110111000100101111110111011011
11101000111101100100101011110110011011110010111101011100111101111010111000011010001110101011011110101010011011
11001111011010101111011001101010110111110010011110100101111110111111011111011111101100111111100111011100011111
11011101110010010110111010110100011100111000111101001011110101101000001101101000001100101011111011111010100100
01011000011101101001101111110110000110100001011110001111110101111101011100010100011100010011011100111101101111
10101011011001010110001101011100110101111011011010110000111010110101110111101101111001101111111110100111110001
10001100001011010011101101101010101101010001111111010001010100101100000110110111111101010011101001111101010011
01100000101110011011011100100111001111000001110000110001111001111011111011111001000010101010101011111011100000
10110010001111101101011111111001111100111101110101110110100010111111010101110111010011111000101101111111000111
11010111101000111101111001001110111110111001100011111011011011010011111010011011111110101011101111111011010101
01111101101100101100101011101100110101100111011011111110100011110000010101110011100111011111110100011100111110
10100111011101111101111111011101101111000111110011001010100001001101101001011111011110011110001101101101101100
10010101111111010011110011001111011111100001100011110100000011111111011010001110111111101100111101000101001100
00101101100101110110111111011111111000111111000101001001110101110100001111011010110011111100101110011011010011
01100101011110011011101011010001000001101111111110110010111110000111001010011111011010100111100001110110000111
11111111011110110110011111011101101001011001011111111111010110001011111011111110110011111110010110010000001101
11110111011000110111111110111011101100001110011011011011110110000111000110110010111111111111111111100100111101
11000111110111001101011101001110101001110011100111110111001100100001111111001011111101111011001000110111011100
11110001011010011111111101000011111011010011111001011101001111010011111110101011111111110111101110110111110111
11010000101111000010101100000111110011110110001011000011100101110100001101011110011011101001110011001010100010
01111101111011010010101111101000000011010110011101011011101101111100000011100111101011100111011100110100111110
11110101100011001110110101100111100010000111111110001010101000101100001110100111101101111110110011101010101111
11111010000101101100100101110110110001001001011111011011110100101100001111101100100111100011000100000111110101
11011111110011101010100010110111010000101010101111110010101111101110110011100101110011000011011000011110111111
11100101111111100000001011010011110111001001010001111101010010011110110000111010111111110001110100111001110101
11011111111001010110011111101010110010101110110001001110100111111101111001001110101101111001010001111110011011
01110110111010111001111001111110110010100010001101101011011010101011011010101110101101111000011001100100111011
11110010100101111011110110011010101111111010001100101111010000110101111101011010011100001110101111110100101101
11110100100111100110001011100100100101110000111111010111111011110010000100101010001110001111011111000011110101
10100011011101101111110001111000100111001101010011101010101111101110010111110010110000010000010111011001111101
10111101011110000101111111110011010000011111110101011101001101100011111011000001110101111010001101010010110011
11010010011101110111110110001011111000001111100111000101111111111111100111111001101001011101110110111010001100
01000111101111101010111111100010110001010000101101001111111001001101101000000110010100011001101110001101111101
01100111111000011001011111010110000100010000111101001100110110111101111111001110001010110110110110000101100111
10011100011100001111011111101110100011110111111100011101101111111110001100101101000111110111010100110001010011
11110000101111101001111011100110111011110010001011111100101101011111100111110010100001101100011100101101110110
10001001110011011001111101001101011111001110000111110100111100011100110111110101010000010001000111010100100000
11111001101010011110011111100110110100001100111110000011111111110111011100010000110001010010000111001110110111
10101011101001111101110011111101101101110100000100001101010110111111111111000110011010001101111000111000110110
01001010101111110111011011111000101111101001010011101011100111111111110111000100111000000111010110011101011000
01011010000100010001111001110000100111101001101001010101011010111100100111001111110110000111101100110111110101
10111011111101001100011111001001101101001110110011101011111110111010100011110111001001000100000010001010110110
00001110011010011110010010000011100000111111001101001000011111110101100000110010111001111011100011101011001111
01011111011111101101100110111010101110111000110011111110111001111101111000110100110010110101111111110101110111
11011100011101011101111000011010101010110111111011111100110001011111011110010011010101110110010010110011101101
01111111110010101101000110100000111000111010010101101111110111010110100100100011100001010110001001101110100000
11110101100001000111011110101110111101010011001010111000010100110011101111011010111001100011001100111101000111
10010010000110100110101101010010011010100011111110111111101110011101001001110101001001010010110101010110110010
11111001111000000010001101111100001100011011100111011001111110110101010100111111111110110010011011001111110100
00111101011100110000101111000111001001011011111111101010100010110110100000111011100110101111000101111110111111
11010011000111011011111010010011011101111001011101100111101101010010100011111100000110000110101110100101111111
11011110001111101101011001000110101001001110000110111111101001011101100111100010011001010111110011011111001011
00100011011001111011100100010010110000111111000101110111110011101101001110101110010101110011011010101100101110
00111101011111100100010110111100011001101011111011110111111010000010101110001011001011101100110110110010110110
00011011100101011111110000111110101001011100011101011101011101011101011011100001101110110010111111110011000010
11101001111111010010001101010111001110000110111110101011100011001110111010010110000010011101101110101101111110
01110111110111111010110110010010010100110011100100011111101110001100010100011001111000110111010101100110100010
00111101011101001011100111011011101111111110000000111010011000010111111101111101101111011011101111011011010000
10111110010010111000111101011001101111000011001111001100110010011101011111011101011011111010001111001010100010
01000001111100101101111110011100001100000111101111010000011100111001101011101011000000100101000011110010000011
00100001111010101001110101101010011111110111000001110001111101111101111100111011101011011111010111011010000011
10010111110111110011001101111101111110011111101111010101010011000111101011000100111011001110011011111111011101
11100111010111100110010011010001101011100101110111011101100011110100111111111101110010010111010011100000001110
