0101001101001111110001100011100111110011
1001110000011101101011001000011110111111
0001110011111011101010011111111001110011
1110101010110011011011001010111100111011
0111001010010110111000111110011001101000
0110000010010011111000110111101010111011
1001100111100100001000110011111111110011
1000001011011001011111010101010101011101
0011111101010110001001011110011110011111
1010001110110100110000101111110000001001
0011001001011111001001011110100101101011
0111110111100100101000011111111011111111
1110000100100011110001100011011110100111
1100101011110011111001011111101000011111
1011110010101101011110111011101011110010
1111010100101110101011101010111011100000
1110110001011101010111101011001110101001
1001110101001110101111001111100100100001
0111111110110111010011101111100110100101
0000000100000010110001011110101111110001
0111000100000011111001010111011100100111
1101000110101101111110001111101111011111
1000111001001011101000000111111011111011
0010111110110110000110001101110100101011
0111100011110111111101010001111111111010
0010110111110100011111110011011000110000
1011111011111111111111100101010011011011
1010011101011110111011111110111110101111
1011011001110111011101111001001010001111
0111101111011001000010111111001011111100
0111111010011111100111101101110111010101
1101001110101000111111011001001010000011
1100011010011011101101101011111101000111
1010101100110011000101101010011010100010
1111111000111011111110111101010001010000
1111011110010110000101101110011000101111
0101110111110100100001111011110000010011
0100000110011100001011000001111010010010
1111011010111110000011111011100111011101
1111011111111100111111110011101110011010
