01001001100100111111110000111111101010101010010001010101110011010100011010110100000111101101111000111101011010000101101111111011110110111110
10111000101011001100101111101110111101111101011101111101011010110011001111110110111110111001000011100001111010011001111011111101100010010111
01011011111010110101100111110101111011110111111111000100101110010111110011111111011110100100011011111110110110011010110111100011111011010010
01101001000111010011011000111111011110111010011110110011100011110100100011100011001111010100110010101010111101111111101111001111111001000110
11110111111000101111111001011001111110111110001111000100111000011010011111011011000111111111111101110111100011111010010111111000110011101001
00001011111010111101110111100100101101101000010111111110110001001110010101111010001011010000110010111111111011110011001011000010111101101011
00101101111111111101101100111101000011110110101001000011110011011110110111001011110100111011011010111101110111101111101000111101101101101101
10111110111101111111110100010101111001011101110101011111110010000111000010011101110100010001010101101001010100111001010101110111111100101010
11101111001000111110011111101011001011101111111111001101111010011110010010111110010000011110011111101111111001100110011011111110100011100111
00101111001111100111100001101011011101001110010010010000110010101000010010111101100011110110011011101001011100110000110001000110011100111111
01101111110100111110010101111111000111111101100101101110001111101111110011111111010001101100111101001111001100100110000110101011110011100111
10010011011011101101111110001011100001100101110111111111001000110101110111101110110100111101110001010101110101110111111011111111111001110110
01110110010101011111110011010011011111111111111111011111111111111101011011010000001111111111001000100111010011011010001100111101001111011110
01010011010110000111101011111011111011110101010110101100100100110110100001011001010100100001111001011000110011101111101001110111000001000011
10101111111100001111111001111010011010101110010011101000110100111111100101011010110101110110011111111111101101111101011001101011111011110101
10110111101010000010101101100101110011010111011110111100110011101111011111111101011111101001000001101111101001000001111110011101111011010011
11001111101110100011101001110101110111111100010110010100111110001011011110100101111111110010011110001111111010110010001011111010011111100101
11101111111111100010111100111101000001110100011000000111000111001111011100010100101101011110111011100011011001101010011101001000001110001001
10011001111011111101011110111100000111110011001110001101100011111001100110101111111100100011101001111111111111001101000001111101101110111110
10111111010111101010111101111001011111110010001101011101001010110000010011101100100000100110111101000111001111101111110101110011111100001111
11101111010111111101001001111010001111000110100100011001101011011011011110101111110100001010001111110111111111111010100011011001010101001001
10011101101110100111001110010101011100011111001011101011011110010101100001000000000010111000011101101001111100010100110110010111000100110110
01011010100101111111110000010000100111111101101110100101111011100101111100111010110101010110010110111111111010011010111101110101101010111111
01100111101100010111010001011101110011110110110110010101000100000101010011110011101001010111111101011001001111111010111011111111010001111110
01100100100111000010010000111100111100000110100011111100100011110100001011011001011111010101000111111111101011110100110101010111101001110010
01101100111011111001100100111000100011101011011011000111101110011000111011110111011011100110101100000111000110100111100110111111010001110111
11110110111001111111100011011111011111110111101001111001011011111111110101100111111010110000101010000011010011000110111101111011110001010110
10111011001011101111111111100110011011111100011101001101011110001100110001111000001010011000010101111111100111110101011111010100110111101111
11011010111101100111100111100111111110110010010011111100111101111111101111110101110010111111011001100000111111010100101100101101111010011101
11110111001000011110010110111010000110110111110010001010010110000011010001111101111111110101101111101111110001111011011011011100011001111101
11010000111111100000100000111101111010111111011010001011011110011110101101111101011111101001011010111110111110100011100011111101111101110010
10111011111111011101010100101010011000010111111011111101011101001111011100100011001110010001011111110111111010110101110111111000001111000111
11101101000101011000001111001010010011011111010111011011101100001110111110100111100111011010110010111111001100100110111011111111111001111100
01111001010011111001010110111011101111110010111100110000010011110111100111011101110101111100010011101000111111001001011010101111100111101111
11111101110011100001110010111011010010010111111011011100111100000000110011111110110100111011011110100111001101101110101110101000011111000110
01011100011010001011111010101100010011100100011100110111111001010011010111010110110000001111011111111111001111000001011110111111100101011100
10111010101011111011101101111110111101100011111000110111100010111001110100011010111011111000001010101100111111110111000111010110100111110000
01100111111111011111101101110000110110101010101011111111101011000101111111010111110110100111010100000111111010011100001001110101111101011010
11111110101111101111001101111110010111000011000111100011000100010111010110001001111101011111111110010110101110111111110111111011110101011111
01111011001011011111011100111111111000001111100110000101110111110011111011100111110110110011100101101101011111110100001100011000111101100110
11011101111010101000011001010010100001010011111001011001011111000110111110110111111001101001111011000111100011011000111100110001000110111011
01101011111111111100111110110111101100010000111010010111011100101010101001111111001010001011111011111100110111101011111111100011001110111010
10111010110010110011110111101111111011111000100011100110011011100001100101011111100110101111011110100101101111010101010001001010111111110110
01100001101111010010011001100111101010111000100000111010011101100010110101011101001111101110010111110111101100101111100010000011111111111101
00100011101110000000101110100101011011011111011110110001100111010101011011011101110111101100010011110010011001111100110010000110111011101100
11110101110111111100000101011111111110001100101111111111000111010111011010101111111001010110010111010101011110000111110101101001011011011000
01111010100010010111011001110011011111001100110010111011001001111010110111111111111000111000010100101000111000101100011110011111101010010011
01111101101111011011101100010000110100110000110011110011110000100101111010011011111110100011000001111000111111010001110110111011011111011110
00111100110111111010011111001111101001110110111101010111011000111111011110011101111010101001010011101101001000101011001001011011110110010000
11101111101110100001010011111001101001101010010110110101111111101100101011001101111111110101110010110001111101001010101101111010110000011110
01010100001101110000011010101001010111100011111101010011110001111010100011110001101111110101111100010100110101111111101011010001101111000001
11010101010110011001100110101001111111001101111111101011110011111101001111110111110011111000101111011101110110101100111100101001100010110111
01000101101111110011110010111111101001001001011000010111011101010010010001100101001010111101100111011110110101111110011110100110111110011111
11101101101111011111001111011001001111010110010011001010101100011010110011111111110111010111101110110100100101011011100000100101001100110100
00010111001110000100010001000110100111100111011110111101101111100100011000111001110111110111111100110010011001111111111000100001101111110100
11010011100110000111111101110011100111111100111111111010011101110110101111111011000111011110110001001110011111100011100111111111001111110011
10111111110011111010101011001000101111010000100101110110010011111011011110111111111000010110110110000100100110110010100011100101111111110000
11001111110010111000011000111111011100011111000111111001100110011000011110111101010000001101011011111100101001111011101100111111101111101111
01101000101110001001111001111011101101001111001011001111000100101110100101110101100111010001010110101111011101001110101110010100000111110101
00100000001011101100010101011111101000111101110001001111011011001111010011111110011110101000111001101101110001010111011011101011101111101000
11110011111010011111111011110110010011011010110001010010110101100000000001101000000011010110101011001111001011011011110101101111101000101001
10010110001010010110101010101001010101011011111001111011100110011100000001011001011101100100101001110011110010011111111111111010011111000111
01010000011111110011001010101000010010010111001111110011101010000000101011111101100000100111110101101001100101010011101011100110111100101000
11111010100111100011110011101010010110110000111010111101110001001010111110011001110111010011101010101101000101110011111001111011101111011011
00001110111010111110100001111011100010000100001011110100111101010110111000111010010100101111101100001110000001100111001011110100101111101100
10110111101111110100011110111011110001101000110111010011001101001001110101101111111101011110000000001000010110111111001101000101101111011100
01101111101001111100100000101111110100111101011010101101101100011000110000111010100011000000010011111111110110111110000101111010001101111001
01100001001110111110111100101101010111110010110110010000100100000100111010001010011001101011000011000000010010100111001000100001001011101000
00110010001101100010011001111010111011011111001101100101001000111111011100101011111000100110011011100111111110100111101111111001000001111101
10101110111110011101101101110101101111111001111110001110110100011111101001111110100111101110001111010010101111001111011100110011000110000101
11001000000010011100101011001011100001011100110111010011110000111001110010100100010000000101111111001101101011101011010010101100011100101111
01001110000100111110101000101011110111101011001010010001111000010100100001111001001010110001110100110111001101100110110100110000011001011100
11111011111110011011100111001000111101111000111111110101110100110001001000101111100000101111000010111101101100111010011111001000111111111011
01111110001111110001010111111110011101010111101001111101001111100100010100101000011010010111111100001001011011100011100011110111111011110111
11110100111100011011101101111111101000011100011000111111111110101110111111010011111001001010101010010001110000001111011100010010011001001101
11101101111011110100001111011110011111001111101110110111111101111010010100100110111001000010011110010111110111111001101111100011010011111111
00101111111101110011101010010110011010100111111111000111110111111111110111000110101100001011100101111110011000101111110111010110111111001100
11100001111100011111100001101110111101011111111011011100111100100100011010011011011001110110010011111010011010101011111011101110100110011111
01111110101100100010101101100001101111011110011100010101100100001111110010111101100111101000110101111100111000101011000101111000101101001001
00111011011001011010100111101111110001111111111111111111111001110100100110100110101011111111110111000111000000010110111110111110010001001111
01000011010100101111101100101100111111111010111111110110101000110110110010111011001111111101010011010001110101010100010111101011110111011101
01100011101101111010101011101110011111111000111111010110110101011101101001110100000000111100111011111110101110111101101101100110011101010011
01110100000010011110000111110111000010101101011111101000100101000101100101111101100101101001111101101111111111100110110101001110110000111010
11111011000111111110101010000111111001110011100101100111001101011100010000001010101010110101101001111011011110110110101001011111111011101111
11111100010010011000010011111111100011010111100111111111001110010010010101000011100101001110111101011010110111011101101110111010010001111010
10011100011010111100001111000110110010101001110001110111001011010111010000110111101010010001110101010010000101001110111111100100010111011111
11101010011111111011010001101110011011011011101111111010000101101001110110000111111100011111110111011111100010000010101111011001001010111110
01011111110110101100011110111101111010110000011001111111101010010100000101000101110101101100100010011011100001111100000100010011111111001011
11001010101110010100110000011010111110101111101010011001010100001101010010101011111010110111100001111011001110101010100111110010100010000001
10111000111110100101001111001100010101100011110001101111110011101100111011000101110110111011011110011111011111101001111111000011101011000111
00001010110010101111101101001000101101110111010100000111100010111101110011111101000010101100100010110011011000111010000000100100100101101110
11001011000111010010000110001111001101111110000111101110011000111001001111001001101101101100111111011110011011111000101101011111111111110011
10011100001101000111000101100100100000111100000001111111100111111000001101101011011111111011011101101010001000100111001111010111001110000011
10111111111101101101011100011011111101101111111011100011111100100010101101010111111011100101101011011101111110101111111011111110001111101011
10101010111011101111110101101111001110101110000000110110010111011000111001110000011110000101110010111110010011100001111011001110010110111111
00001001101000101001111111010101001101110011011000111110101000101000011101011011001011100101100010111101110011101100000000000011111010110111
01110110110000101100101010100111111110101111110011011100111010010011111010110101110000110111011101101111111011001101111101000100110000111010
01101001111101110111110110011101010100011101110110011001010111100011111000001111111111101001110010001100110111111111110011011000111100101101
11111111110010110110111010011111111110010111101111000110011101110010100110001110011100001010101110010110110110001100110101110110011100010000
10101110000101100010101110010011100100100101110101111110010001000010010110111110110111111111011100101010010100111010010110110001010101110100
10110111111001111010011110010110110110010100001110011001011110111110001011001110011110111101111111010111111011000101001101111111001110011110
10101110101110111011101011010111101111111111010010111101111110011010101110011011011000100101011111101001101011000100011001110010010001100100
00111100101010111111101011110111101101101001100000001011001011001010110100011101011111111111101010111001111111001111111110111011001110011001
11001111111110111111111111110101101101011011010011010000001111110010101111110001101100111110010110001110000001101010000000101000110010101110
01111110100101111010111010011111010011101111001101111100110101100010111010110010111010110000010111101110010001001111111100011101110110011001
11110111110111001110111000101111010011010100111101111011001101000111100001111110101110000111011111111010101001100110101001111110010101000000
11010100111000111111111110001011111111110011111111000011011010000000111111001110011100001111110010001110010111111101011000100110101110111010
00110011011100100011110101011010111110110111010101111101101000110110110110010000111111001100010001110010001001010011111111111010100010001010
11101110000011001011101111111011010111111110010100010001100011000111111001010100011110101101011111101110001000100111111001011111110001111111
00011110100111110111100110111100011110011110100101101111011110111000011101010000101011010101001111001111111100111111111100111110101011011000
00011111111101101101100111010111101010110101101010111011110000011111101111011110011100011111111101010001011011001111111011110010001011011000
01111101010110101000111110011101000011111010100100101110110111110110000010010001110110010011000001010000001101001111001101110110111100110011
01111011000011100111101100000100011001101101101011111110011011000110011010111110010011011111010111110011101001110110111101111010100010001001
10010010101101100011010011111001101011110011111000111010001101001111110100101001111111010000110111101110111011111011001010010101101001011001
00111110101111001101101101100110101010100101010011101111111111111111111111101111001101101010110001010011110111111100101001001111101110100111
11010111000101110011000001010111010110100111010110100111010111111101111001111110010010000100111011001010101111110100101110101010101011001101
11110010010101010001111111101011101000101101110101110111111011110000100101011101011111101101011011100010110111101011011111010100111110100111
01101001110100110101011110110101110100101110111100011010000111010000011110101101101001000100011011110110101111101000101011110100011101001111
11010110100111111100001100111100111101011100001011111010011101111101110010110101010111100101111010001110111111111111110010001011110010001011
10111001001010010101011011111001001110111100011101011001011011000110110110111011111011111101100010111010100101011001100001101000000011010010
11111100101100011000110101010111111110100101101100101001101101101000101011011101100011101100111001010010000100100101111000011111011101101011
11111101110101101111101110110111100011100110010011100001100111111110100011011110111101101101111011101100010110111010110100111110001100111011
11101011101111101011001101101011111101101100010101011111110111111011111101010111110011001010010000111111011101111001010101010101001010000110
11001011100111011011111111110111100111111000001111100001011001011010110101101011000110111001110001111110110111111100110011101000110111101000
11011010101110111110100101101111111100110010011111010001010111010010101010000111101110100001011001001011110111001011001111010001001111111001
01010011110111010010011111011110110111000000101000001101111010101100001001001101011101000011111010101000111011010110110011100001101111100101
10110101111101101001010111100000110110100111101111001001010111110010010001111101111110011101111100101110011111111011001011000001011001011100
11110011001111110011111111101010110101101101011110110111110110010101110001010000100100110101100100011010100010000110001010101110111111111011
11111111101100110011001010111010110111110011101011111010110110111100000011001110101100011111000111000001101111011111101000010101000001101010
10111101011100111001100101111110101001110011110111001000100001100000001111111001111111010001001111110101110010010000111010010011000111010111
00110111010110111111001010001111101001010111111100101111110111111111001111101010010100110101110101101010001001110111110011101111000011111010
10000111010010001111110000010011011111111111000110101111111101111110011010001110110001010011111001111010111000010010110011011101010001101001
11101000101010111110001000011001011010001111111110111011111101011101010011011100100101111101111100001011101101101011101100111101011001001001
00111110101111111000100111110111111111110011110100100011111101011111100111111011110111010111010000010100010011100101010110011111111110111100
10001111111100101010011111010110110010011111100000010111111110101011101011010000001110100011011111010101001010010010100011011101101101010101
11100000010110110010011111101110100111101111011111011111101000010110100111010100111011100001001110111010101011110100000101001011011001100100
10001111010010000111101100011100110101101101110101001000010110111111101110111111101111110010011011001011101111101101011011011011101111000001
11010010111110101011011101111101111100110011100101011110011001001100111101111101100101100110001101011101000010000011110000100110010001110011
11110101111111010011011111110011011001111110001101011001010001010000001011010101011111110111111110001001001110010010111111100001111000000101
01001110111001111101101001011101010000101001001000111001011011010010111011110111110101011101111101000010100010011111111011001101010110101110
