0101000000010011010110111011011101101010101011100101101000110111111111000111010011011011011111000001000110000000010111110011011100
1011101100111111010001100011100101100001110100000100100010110101110111011010011000111011100101101101010001011000010111011100100111
0101001111101001010111100101100011110011111110010110110100110101011111010101111010111111000110101101011110100110101111011001001011
1110011110101011110011101101001010001100100110011010111101011010101111000010110011001100101111011111110000110111111111010111001000
0100001110010010100011110000101111010101010011001011101110110000110110101001111100100100101011011010110000111010110000010111111010
0001000010101110101110001011000111001100010001011111001100001011011001111111111010111101111001110111111001001110110001110110101101
0111100101101110111111111010111010010101001111110011111111111101101110111011011100110010000011101100100100010011110011101011110010
0111101010001101011010000100001100101100111011000110111100111111001100100101100110001001010001110111110111011111001111110011110011
0011110100111110111010111000100101011110010110001111010111101011100100101100111111101011011100010111011011101111101001001111100111
0010001000111100111001000100111000110110110010111000110000111001101101111001001101000001111101010111110011110010101110000100101001
0111011011000111111001011000101101100110111110011011110111101001111111111001101110111110101111010001001101001011010001111110010000
1100100011001100000001111111110111101101010111001100101111111111111111111000001111011011111001010100110011111111110010000011100101
0111011111010000011111001110011100111000011100001110101000010111000011100101000111111111110100101101100101100011100010101100011101
0100011111110001011111110100000010010000011111011000011110010011111110011111010111100010101111010010011001111011111111111011011011
1101111010100001111111110011100010000110000100110110101000011100111000100011101010100111111111000100100001011110110111101001100111
1111000100100110110100010111110111110010111111111111011101010111000111110110100101101000111011010111010001000111000111011011001100
0001111011100011011001011111110000101111100111011111010110011111000001000110011001111000011011001000111001000111101100111100101000
1111001111101111101110010110101101111011101110111110101111111111111100101001100110101100100000101011001000101011111010110001111011
0000011111101110110110011110100111111111011101010111101100101111110010100001000110110110101101110100111011011111100100001111111011
1010011000001111011001110001100110110110101101011101111111111001101001010000010101011001001010010001100100100011001010101001010101
1011111110001110011001100011101000011110011000011111110001000011111010101111101111010110100011011011110111111101110111001111010101
0111101001111110100110111000101111111110110010000000110101001100110111111011111100111101110001010100010111001100001111110101010100
1111101010010110000111010101010010100010000110110111101101011111010111110011111100101111010010111011100110000110110001011110101101
1000101010110111111101101100001100111011011111011111111110111001101011001000011101111010111101101111111111001010111101011100100111
1001011010111000101001010001110011110101011011101111010000001001100100101011001111111111100000001010111111000100100101110100001111
0011000101011101111000110010110010000111010001010001010110000110010001101011000011001001011001100001001110111101101000101011110011
1100011000011011111010000100110110110100010100110010001010100011011111011111100110011000111000011111101011000111110000010111010100
1111010000010011100110101000111111111010011100001111000101111011101111011011001010010001111011101111001111011010001001110100111011
0110101011110011111111001111000111000101111001111111101010111111000010110011110100111100111011110001111100110110000111101110111001
1000001001011001100000101111000111111110111001111111110111100110101100110101011111001011100100001000100010001101111010111011101011
1001101101101000010011010001000011111101110111101111001110001011101110100111011000010101100101011110100110111010011101101111111101
1100110110111001011101010011110011101100110101101101101011011110110101011101111111110101110011110111101011110100111101001111001111
0011111000010111001101101111111101011100001011111110101101111011011100111110011111111011010110111001001111101101001100111110010010
1110110010110001011001001001111110010010100010111111110111101000011100111110101101101010111011101110010000111111010101011001111110
1110000101111001111101111011011100010101010101111100111101011101101111010011110011101010101110101001100100011101001111111110011010
0010101011001101011111011011011011101011110111110111001010010011011010000011111111111101000001100101110010111111110110101110111111
1001010110011000111011010001011110010010010110011001101101001100011110010111001111101010101111101011111110110011010000111111010100
0001111111110010101111001110111110100011010010110101100010011110101011001111010011111111111110010001111101111001110111101001111111
1010000011100011111111110101010001011100101111011101000011111001100110100101111000010011011111101110101101011101010111111101100101
0110101000010000111000011100101000110100111101111010010101010111110111101111010100011100001110011100110110100011111010001101110001
1111000101100001110101000000111101010011010010010100111101110110010111110111001101101011100110110011011110111100000010001110100010
0110110111111101001011011111111100111101100111111011000010011000101010011110100100001110111110000100011111110101010110011101110000
1010001100101101011110011001110010000011000011101010010010000111100111001011111111011011111111110011010000011001010101010110010011
0111001010111111111100110011001100111011010011110001111111100011111111101000111100011110111100011001101101000111100001111010010100
1011101111110101110001111000001011011110111101101001001011110001000011101100111101111001110001101001111111101101010010111011010010
1000111100010101101100011100111110110011011110011001101011100101011111001110110110011010101011011111010110101111011111100100000101
1000001001000011010000101010111111110101011110010101110111011111100111011110110000111000101111111111111110100010111110011100000001
0011011001100111111110110110110011111111110101100110100101111011001001111100010100100111111001000111101101110111010101000010011101
0001110011111101110110011001111111101011011011000011111100101101001100111001011001101011010111011001100001000001011011101100001110
1110010110011011111110111001111111110110100000110010100010111111001000001110111111011101110111111110110111101010110101011011111111
0011111110101011111010111011111011010001011000011101110110011111101111011110110101010100011001001001011100101010100101111110101110
1000111010100001101110111101111101011110010111101010101110110011000101010110111111000101110000101111100000101111101011111110001001
1111101101111010011111110000110111101100100101111111011110110101110100111101111111010001111111111011001111010010100010010111111101
0011001111100101100111011100010001100001101100101010100111100101100111111101001111111101011111010010101111001001101100100111000010
1001111100011111011100110010101110111000100111001001100010011001011010111101110010100101111101010101101001001110011011111100001010
0011111110110101111101110101011011101001100100111011110001111001100110010101100011100111101000100111101111111110101100001111100100
0100101010110100110100010110111101010110011111100111111001000111111100011111011111001110110110001011100111111111100100111100001111
0001001010110001010111100001010111101011100111110000010110101010100100010101101001100110001111110100100111100111111000111100011110
1110101111110000011100010011110011000010100111011101110101001001100101101011111110101001010000110000111110111001010100001001101010
1111101101011111110100110001100110110111110010110111101100001001010101011110000101100001000110010110110000000110110000010001001010
0001011111110010111101111001101111101110010000111110001101110110101010000010110111011001101001000111010100111111100001000111111101
1110001100011011111001100100110100101101101001101110110010001011101001111011000101111111101110111111110111110001111111010110100110
1001010110011101111010100111111110010101101100110111000011001101111111111111110001110010111000111100011000110110111100101110101100
1110011111111101111110111011101010110011001111111111111110110110111111100101001001110011101100111011111110111011110111110100100011
1101101011110110011111011001011100100111011100100010110111101111000000011100111110111110100111010110111111010011111110011101111011
1110110000110110011011100110000111011001100101000000101010010011000111101011000001101111011101110100111001110111111111011101100000
1011011101110110010110010011011011111100010101011110001010001111000111010011001110011111110111000101011111011111100011000010001111
1111101111110101010001101011011111101011101101101011110111110011011010001000110010100011110010110101111010111100011111111011001101
1111101000111101001011110011101000111111111111100010011100001011011101111011110011111111011011111101100001010100110011011111000111
1111010001111001100101110111000100100101101111110011010000110111011010101111111100001100111111110000001001100001111000010101111100
0000111111111011011011101100111011000011100110011000111000100111010011010111111011001000011101001011100011110000101111111110100011
0110011001110101000101100011110111101000110000111011111111010110101010101000011110000011011101110100111111111011010110110000111110
0100111011110100010011011111000111000101011111111110111010110110110111010101111010110001000011110100111000011011101011000111101110
1010010110001101100010000010011111001111110011110111111111010011100001101001001111001111111100111111011111101000110000101011101011
1101011000000111100011101111101011111101111001100111000010111110011011100000011101100111011011110110010111101011010011100101001111
1010111101101110011011101111111100111111101000001000111111100111011011101100110110111000101010001110111100111011110110010111001110
0011110110100011010011100010100101110010011111100111101101101010100111101001001011111000110111111101010010111011011010111110011000
1111111010000100100101110000111110110111001111111111101010101010100111111011001110011001011010110010111110111111001010110011100101
0110111011110010100011111001011111011010101110001101110011100001101001111110110100100110010111101110000100100101111111011100001111
0000101111111101011111111010110111011001111111010111110010111100101001010111011011011011101111111011000111111010000011111100111111
1011010110111110011010001111010110111100001001000101111110101000101110111101110101101011000010010010000000011110111110000111100011
1001000011011101100110011100010111111100101010001111110111011111010010100110100110110110101111000101011110010111101101111101101001
0110111010101111111001111000100111111100100010111000011101110111110110001011101011000111011011011011011110111101001111001010110100
1110011000111000101111011011101110010111001111100110110000001111101010001001110101001010000001100111011111111111000100011011111111
1111010110111001110101111110110011111101111111101100010010101100111011100101110110010101011001111101111110011010110111100111101110
0011110000101010011011101000101100010101010100010111011111000100111011000110001001101011110111010110101110101010111010110101111010
1110001010111110001010111000010011101110111101011000000111000111111110010110001111110101111000111001111110101000111001011011110110
1110010111011010000101101101011110010110101010011101111100111101011110011110010110101110111110101101010011011110110110111011101101
0101110001111111011011011011111101101100111111110101101110001111101101000101100101000111010111111101101000110001011111101101110000
1000010111011011100001110111100111000110011110011111111010100010011111110110111000101111100001011001111010001111000110111001111011
1001110011110111101100010111100001101111011101110010111101001111010011110111010101101011000010110000110001100000001100010101010011
1111000011101110001000010000011010101111111100101100111011010101111001110100101101000101100001000101101110101101011111110111101111
1011101000100111100110100001100111101111111001101100110011010100101111001011111111100101101001001100010111111101111010111100110001
1101111101110111101011010101101101011010001011111110111001001000111011111010101101111100110110111100001001010111111111111010111110
0110011100001000011000110101100111111010101010100101100101100111010111011110111100011011101001011111011001101000001011100110111111
0001110111110101001111100010101110000101101101101100111001110111110111011110110110101110111001101110011100010001100011101001111011
0111101000001000110010111011011011101011000111101111100010000111000010100101101100101011110011110101111110110111100100001100100111
0111011111011011001001010011001101010011010001110101001101011110111110011111101001011101100111111011100011110011001100101000101011
0001110111000101010010111011001101001010101001110101110110011101100000100111011110110100000000110101010110011000010101111100111001
1111010111101001010110110111100110111100101111111011101110001101001110100100100101111011110100101110101011001100011001101111101010
0001111101011010101110111010111100111111000110111101011111110101110110111001010000001110111100001101011111010100001111001000110101
0111110111010101101011011000100001011101111011100110000000111111111100011111110001111011011010111010101000111010110111011001010111
0010010010100100111000011111100110001110110110110010111100100011111101011101010001111110110101111001110011011011111101101001001101
1010001100101000000111111101101010101111110111110110110111101101101000010111011101111110000110011010100010010011011111111100010011
1010000111010000001011111111011110011001110011100100110111100101101100110110110101111111010110001111101101010101011001000110101010
0100010111111111101011011011000110000110010110011100111111000100111011110110000100010001001011100101101010101111011111001111111010
0011100011011100010110000100101111011101110011110111000111101111010101110111111100110110101110101100010001011111111101100100111100
0101101101010110001010000101101101111110111000010000100110101111111110111001110111111001100011011110111110100111111011000111000111
0100110110110110011011010101011011110110101011000111011110101001001100011111110110111111010110100011011001100111011010011011001101
0011010110010011101011101110110111110010110111010001001111011010011110000000011011110001010111001001100011111010111111001000110111
0011111111111111111100110011101001011001000101110111101111011011111000011011110111011101010001001100011101111100101000101111011011
0001001110111101111110000110010011111111011111011001010011101101111001011011111001110000110111011100001111111000010010010110010011
0011111011011110111010111110010100010101000100100111110111011111111011101101001011001111000011011000011000110110011110111001001111
1101111000110110010010110010011101011111011011111100001001110111110111010111101010001111100111000011011111111101101010110111000110
0011000111000100110101010101011110100001000001101001011101000110110101101000111011100110101111100101101111111110110101110101101101
1111000101000111101011011000101111110110011001110110010110100111110100110001001011111001111101001110111101100100101010001110011111
1111001101011111010111000000110000110111110011101001101000000101111110111011111110101101110111110000110101011101110101111111011111
1111011110100111000011111001101101100110001101011111001000001101011110101010001101101010100101110011111111110100001010100100110101
1000011100101110110101001101111010111110000111001011011011000011000100110110110101001101110111110111001100100010111011001011110110
1111110100100101110001111011010011101010011110100111101011010101110111110001111101010111011111000010010100001001111010001011010010
0110001010101111101110110100111111111111110110101111001111100010110110100100101101110011110011011111111101001110100110110001000101
0101110011101000101011111011101110111011111001101011111111001111110011101011101111001100101110101011000111110011011111000010010011
1001111110110101001010100110111110111000101110010111110100001110001110101101110010111011000101100001000011011011010110110100111010
1011101110010111011111000110011101001111010010000100110100111000110111001111010011011111111100010001011001011010111010111000011000
0100111111010010111000110101111001010111110000000110100100101111110001111100010111111111110111111111100011100100001001100010010110
1000101100101100011111000111101011111101011110010100100001001000100001010000100100110110111011110010110101100111000111110111101000
1011110001001101111000101001111101110100000000011111101011111010101101011111101101011101010101110111001011101010101110000011010110
1100010010011011000111111010001101011110000101011110100111001110001111011011011100111011000101101000111000111100111111101000101000
0110101110000110011000011101010111110100101010001110011011110101101010111111001110011110011101111101010111010111110110110110101000
0110010111011110011110111101111100010111001001110101100010001001101110100110011111010001011110111110111100011111101111001100000000
