01101110101001010100111011110110111111011101101100001111010110110110111110011110010101011100101110111011110101101101100101110011101110000110101001001010110100000101100101110011110011101111100110010111
10001001111010111101001111111001110100111101111100011101101111101010001110011000111101111011010111011110011011010100010110110110000100010100100001001111010100010110100111100100010100011111110110010110
10010110110111101101110011111101100111101000011110001011111001010111011100111001100001111000010011010001101111110110111110110111111111111101110001001011111000100111111010111010111011011011111001001011
00100100110001100101010011010110110101111101111111110111110111111001110000011010111010100000001111100011111101011111011110111011111111111011011111101010100111101101111101110111100101000100111111100101
11000001110011001011110010001011101010011110001110010111010101010110000011101011100111100011001111011001010110101011011100010101111100100010111101111101010111001110100111011001001001101100111111000010
10110010100110001111101011111110001110100101101101001100011100101110101000011110110110111111111010100110101011010111010111011010101110001011010110100110110110010010010110011111110001110111101011110011
10100100000001010111011110101010001000000100101010111111111001101011110111011001011111101110000101111010011100101111001101001011111001110010011110011101110010010011110001110010010010110100001000000100
01001000001111111100101111111010110100110101110110110011101010111010110101111001001111101101010111011011011100110000101000101110000011011010100111111111110100010111111101010000111011111001111101100111
11111100001000001001010011100110111101110001110011001100001011010100011101001100010111011101001110101110110100110110000001111110101000111100101001100100101111110011101100111101010110011001001101000100
01111000001010111001000111100001101111111101100001010111011011011001110000001101100111111011111110101101010111101101110110101010100111011110110111010101100110110111011111110111111111101100011000001110
11000001110010101110110100000100111100110001100100111101111111011111011010011001101001111111111110111000000101000100110111111110000010011111111100111110100111010110010101011001010110010010011011001010
00100101000011001011101101011010110111100011011110110101111011110011000110100000111010001001001100101001100111001110111111000101110011010000110110011001101100111011011111111101111000010111110111000111
01101101011101110101010011101101010010111111111011111000001110111100100110111010011000010001110001111010111110110111101100111011110001010111011010111100011111010011111001010110001111111111111100101111
10111011000110011011101100110110111000100101001101010110110110001111111111110011111111110111111101000101011010000111110111101110010001111101110001110110011111111100111000001111011001111010101011111111
01110001011010011101100010111111101000111110110100111101011110011001111010101110101011010101101011011110011101101111010111010101110111111101100000110010111010011111000011000010101011111001110100111100
11000011010011101110011110110100011010001100011101111100110101111011100010001111010111101101011111111111110110011101001100011111111111110110101111001010011111111111111111100110111001010011111011101010
01101101111101110001011001011001101001011110010111001111110110011010111100100000110011100010101011100001111000001111110010111011110111101101010111010001011011101011110011011001110111011001001001110101
11110111001010110001111111111001111101011001011010011111111011010010111110001001100001010100100001111100111010111001110001001110110101101111111100111101110110111001001011101111010001011010100111001111
00001110001101010000010011000101111011000010010010111110011101001110100111000110000111011101111001111001011110101110101010000111111111010111101110110011111100111100101011100010100111111001101111001110
01111110110111101100011101011111000111101101011101011000101110010001100001101110000110011000010111000111101011100011110100110011111010111000011101010011011001110100011011111011100001111111111001111100
10101101001101100100011011110110100100101011101101101111100101111111010111010011101111010011100111110111111100011111111101111100010111011011110000010101101001101100110111000010010010001111110110101111
10111010101010011111101111100001000100111111011010010110000111111101001010001110111000001110011011100110111001100010000100100100001011110100101000110111100000101011101100110111111110110111111101111011
11000111000101011101110101100110110101111010110001110111111001111010110011000001010011010111000001010001111001010101111000011100000111110000011001011111110011101010010011110100110101100000111010010100
01000011011101010101011011111100111101111001010101010111010011001111000001011011100111111111101110111110101101111101101101111100111011111000011110001101111011010111010100011111111100101011001111000110
11111111110010110110110101101111000000011111101001101101111100111110101101110010001011011001011100111111110111010011011011101111010011110110111011111010010111100011111101000101011111011000111001001110
11110101110110001111111110100101110110001000110101111100100111111010111010011000111101001111100000111010011101011011100111101011101111010101101101101011011001001101001111101111111000110010000010000001
11100111110011110100111111011101010011101000110110101111000101111000101010111011010100110011000101011000110010111111111000011111111010001100111111001110110000100011101000101000111101101001011001010011
11110101000101111101100100100111010110111100111011110110000011000111101111100000110111001110100101110111110110011001111111111100111111110011111101111110101010010111000101110011110111100101101110110111
01101111000110101101000110100110111111111010110111100100001100011010010010010011000000110111110111110111111000110101111111000011101111011111010101100001110111111101101100100100101110111001100000111111
10110100101011110011101111111000111111011100010110001110110011111010110011010011111001110111010100000110110010010001110100111101101010111111111110101001011011111011000001111100110000101010100010000001
10011111100101100001101010011001111111010010010100011101110111101011001011111001110110011110011100001000000100011111101101111110010100111001110111111100111000011111111111100101011111111100110000011001
01101000010010101111010011110010100000111011001000110000111111110111111111111010110110101010010001101110111011011010010111111100100000011001101110101001011111001100110110011101111111110101101100110011
11111001111101101110101101001111011100111101111101000001111000111101111000111110110111111111001111011110111001101000000010111110001111101010010100111110111101110000011110101000001111100100110100000011
11010001101111010110001101111110101101010101111110100110101000111010100100101000011111100011010011011000000101001110100001111101101101010011100011010100111111011110101011011010111100100111011000011011
10001110111001111110000100001110110011111010101110110001110111101111101111111101010101111110111111010010101101110101101111101010111101110101110111111100010111011101110101111011110000111111111100001001
11110101111100000101111101011110110000111010101001111010010111100111110110110000000011001111100111101011101011111111101110001110100101100111111100101111100101111011000101110101111100101000101100100001
10101100010110010011000001111110001001101011001001111110011010001111111011101010110000001111011001100111000111110111110001000111100111101001111000101101011010011110011000111111010101110011110000111000
10110000110100001111001100101110011010010110000111000011110111000111001110111010000001011001011110111111010011011111001001000001110111011100111011001011110100101010100111000110110011100110101111101101
01110101111111100001111100111001101110011110010100110010100100010100110101011100110011011111101111101011101110111101110111100001111111000011110111111000001010100011011011011100111001010111011111101010
11011001111010101100011110011111111101101101001110011001101100011100101000100110111010111001111101110101100110101110011101111010001101101110001111111010111110010100010001011011100111110010000100010001
11111000010010111101111111111101101110110101111111110110111111111100111110011111101110111111010101111101110110110010111111111010000011010011101100000101000011001011111001010001001111110100011000100011
11011111010011111001010010010100110001111000000010001101110110111100010011001101001001101000100110111010011110101111011011101101100001111101010001011010110110100111011101011011010100111110100001010011
00001000000110101010111010001011001111100001111010111101101101100010111000111011111011011100100011111111111110111011001101011101110011111010011110101000010101111110110100101000011010000011010011111110
11010101111111000101110110000001110010011010111010010001110101100001010110111010001111010101100110111101110011111001010111111011111100100011110110110100111011111101111100111000000010010110101010101000
11010111111010100000101011111000111100001011010101110001110111001010101011111001101000110100010001110010101011101010001101011011111111011011011010011110100000101110011110110101001111111010111110010110
01110001100110111111011101111110110000101011101011001110110111001111101110100101011100101101101101111111101110001101101111110000010010011010010011101111101100111101011101000101101001111100110111100010
11111110000111010101110010010001111110011011010011111010111110011011101111010011111101111011000110101110101111110010101001011010101111111011100111111110100010110111001010111010100100101110001100010101
11111101001101111001100101101110111001111000100011111111011110111101110101110110011111011111101000101011101000000000001010101011101001100100110000100010111111110111111101000100111011000111001110011110
00111011100110001110010000111100011001011111011100111000011001000000010111000011101011101110011110110010110011111101110111110110111111011100111110000011100001111110001000101101011110110011101111101101
00010100110011011001101111011000100111001000111100110001111010011111011100000111111111001110101101010001010011110111101100111100001100000100010011101111111101011001101100111110101000011101011000111010
00010011001110110010101011111001011110101010101111011011111110110100111010001010101011101001110111110001111111011101110000010111001110100010010010110100110011110001011010011111110011101110000001100100
01011011011111110111011101010011001110111011101111100101101110011111011110010101010001010011110110101011011001100111111001001101011011110111010010111111100110000111110101001011101111001100110111011011
11100110101010111111100011100110000110010110011110100111000011001011011111011110101011111100111110001011101111110100100000001001111111011011111001101010110111010100111111101011001111000011000001110011
11011110111101111110111111111110010010001110010100011000101110111100010110111100110101011001011110001001011110100111000111111001111100001010110110000010101111110111111101101100110001110010001101001111
10111011010001001110111100110100010111101000011100101001101011011100111111101111010100011001000001001001101101001100100101111110110010111101001111011001010010101110010111101111100111101111100111110011
11111011011100101100101110100010101001010111100101111010011111101000110101110110010100110101110110011110101101011011111111100010011011000011100101011010111110010100000011011011111011011001101110011100
01110011001101011101101011000111111001111111111001110110011101001111100111011011010100001001110001011111000011000100111111101101111011111101010111111111010110101000111100001110111111010110000111110001
10111110011101111110001110000111101111001101111111100001101111001101001101111101011010111111111111001111101001110001111000111000100010111110110111110101101100110001011000111010010001111111010011111110
01100111111110100111001010001001110010011010001111110111110010111000001111101111100011111011111111110111111101110111011101111101110111000101101101111101101010110010111101110111011100101111110110110100
11011100001011111011110011101011001101111111111100110101110001011111011011111101110000101011101101010101111111010011101111001110011001111101100111101101011110010111010100001011111001110011111000100001
11010001111111101101010101010111001111001100111101111111011001101110111111100011111110011001000111110010000010111100001110011111101110000101111001001010000101101101100011111001110101001111100110100011
01111010111100010110111101110111001101001011110010001011110110100100000111110100000000101111110110110110111100100111001000101011111011110011000101010110101111101111001110010010111101110010100111011010
11010111000110010000111011100111111100001111000100100101001011000101100110001011010001101011001001010010100100100111101111011111111111101111101001110101011011101111110110011011000110101000110111110101
10111001111110111101111011101101110000111100001101110110001100001110101111011111100101110101000110111111111111111110111010110100100111100000001111001011111111101100101011100110010111101010111101010101
01010111011011111010111111101110111010011100111101011111111110010001000111001011101011010010110000010100101100111110111010001011100001010010101010111101111011101011101001110011001111111110111001101011
10101100101011000010110110010001101111111100010101110110110111110010100101001000111111101110111100100110001110000101001001101111001100111001111101110111011011101100000100000111000011010011101111101100
11101111001101011110101111011111011111000010111001011000100110010100100101111111011010100000100011101001011011111111100111010001110011001100110111110010010011101101001011001110110111010110111101111111
00110010011101110001110100010011101111000001011101011000110100101000001110000101010110110010011010011111110001100110110110111001110001111111000110100011100000100010101100101100010101111111000111001111
10010111010011111111001011110101111110111010111100100011100010110110001010101111111001110010101010110100101111100111111110011001111000111011111101010111101110011111011111111101111111010001001001010110
10110011111001101100101001001101100110101111000111111111000110000000001101110000100110010111101111000111000010101011111000011110101111101100010111111010100101011010110110101011000000110100111010101111
11100100101001101100010011110011101011011010111001111010011110010001110111110111010111100011101111110111100001101110110011001111101001100110110010111010110011101111110011111110100100101101101101111111
11100011100111001110100010010001011101101001011111011111111011111111011011111100101101100010011110010110101101011110110011111101111101011010111011010010010110011110000101001100010111011011110101101011
11001010001111110110111001111111001111001101111010111110101111111001101101111111101110101010110010011000110011001001100100111011111101100111101011011110110011110010011011110110110110111010100110101011
00001011100001000011101110010111001010100100101110001011111111011110011110011111011100110001100011101100011111111001111101010011101111011111101111100111001111111110111101011111010101101110001110011010
00101001000111101001000010110011111111010011110100000111011111000010111110001111001111110100101001011010111010010110101001011010111110110101001011011110000110010001011100010001100011111001110010001111
11110111001011000000100111101111101101101011101100011101110101010010011111001111010111110110010111011110111111101011111110011000010110100011111111111100101101110111111100111101011101100101101111110101
11111111111010110101010101100011111011101111100000101110111100111110100111110111000111100011011011001110111111010100010111101101011111100111110111111111110110110001111110101110110101011001011001100100
10000100110000110011010000000000101000111100010101011111011101010011101111111010111110000101000101111101011101001111000000000011011110001011110011101001011111110100000110111110111111001001100110000101
10011100000011110011110110101101100011011011001111101011101010111010101011111100111100001110011100010100101110100111011011000010101111100001101001011011111111010111010000011101100100111111111101111100
00101011011001010100101100101110001000001110111011010010111110111011101011111000011010101110010010110111001100011001001101100001010110101111111001110011111111010011011100011011111001110101010011101001
01111100011101101100110101010111100010111010101011101100001110011100110110000110001000100100001011101111011111111100101110101011101010111000101001000101100011110111101101101111000001100001101011000010
11010110100111011000011001110111111010110010011101010111110110100111101001010111001010100110101110110110111111101111110111010110111111101001011101110001011001101111111110111011100100110111010010100011
01010011001111100000110011000100010000011111111111101000010010001110100111100111110101111110101101110011000110111101001100100000101100000011010011111111011010110101011010100111111101111100101100010101
11001111110001010011100101110011111000001001011101000111100010010101011111111110001011010011110001101101111111110110101010101110010111010010001101010111100010111011011111111011011101101011111000111101
00011111110101111011101110010011110100111011000111101000011010001111011010111101010101001011000111110101011011001111110110111010111110010110001101110111111011111100111110101010010110111100000011001011
11101011111001111110101111010100111101100111001111111100001000111100101100111000001110000100001110111101011110001110111000111111101011110011111111111100000001111111101111001001011110000110011010110000
01111111011001011000000100101101111000011100111010101001011101110111101111111001111000001011111110110111100001011111111011111001101001000100000011010110000000101011100011100111110011111111101000101001
11100100111011100111101110101110101001111011101100011111011010011001110001110000001100000111011100011101001011110111111111001100010110101111011110001010100110010011011011110111100010011011100001011110
11100111111100010011010111010011101111111110011111101110111111100100000010000011001010100110111101011111011011101011101111111011000110100111010100011011111110001010011010110111111010100100111101111001
10000111101001110110011101011110101110101011110111001001010001010100010000110111111001011010001011101111110110110110111110101110000100010111110011101111100111010110101111111101101001100011111101100111
01001110011001001000111101111111111110101000001111010000011101101101111110011011011110111100101110010001100111001110011111111100111000011010111100011111101110111111110100100111001101110001100101111111
01001101111111110010101111101100110111111001011100110111111111110000011001001100000110110000101111100100101110111110111111111111110010111001101111100011111011110101000100101100101101000100100011111010
10000100011011101110100101011000001100110111010101111001111101001110111011100000011100101011001100111001111010011110100111001111101010001101011110110001000101011000010110011101011110010111101111010011
01100101011011010011010010001111011011011000100010111101111001001101000110011011000100111000000111001111100111011100111010101100011010100100011001011110010000101011011101100101100111110011011111010100
10011100111101111010010110000010101011110000010111001100011100100101111100101010111001111111100110010010110110011100100111110011110111101111001011100101111011100001011110000000001111001110111000110111
11011011111101010001100110111110101101111101011011111101011111010100011100010110011011111011111010001011110111111010101000101010100111111010011001001100110110011110010111111100101111001101111011101110
11111101111000111001110100001000111101100111001010111101011011010011111111011001110011100111011101101000101010110100101110001111101011101010101110001010010011011110111111100111111011111111110011101111
01111011000011111111111000111001111110111010110001100010111110100010011001111100101110001101010010001011001001101101011010100110011011011111101100001010100010011111011010111010100011000001100011101110
10010110111110011110110111011001000111111111111110110000001011010110101001000101111111100101100010010100110111001101111111111111111111111011100111111100100011100110101010001100100101000001111011111100
11101011001010110110101111111000111001011111110011100001101111111001101110110111011011111010101000101100111100100100110101011000010011101100011100011011011111001001110010001110111011001001111011100100
11001011111110110110000111100011110101101111011100011111110000010011000011111100100101011100110111010011010011110101011101101111101111111110101011111110100011000111100110110001001100110011111101100101
01000100110001110101110110011101100011011011011000000001111101011101111101011111110111111101010000110011110010110011111111010010010011111110011111000011110101111010110000101100111110101001010111110101
11010111100010110001110111011101101111100110111110011001111011110101011100111001111000101100011101001101111001001010010011101000000111011100110110000000011100110111000111011011111011000000111001011010
10111001010101011011101010011000000111111011010101111110111100010011011000000101101111111110110101001110001111001010110110000110011110111111100100100101111011100000111000101101111101110111011111111111
10110100100110011101111110111101101100111011111110101011011101111001101110111010010100100111111110110110011111101101111110110110101011111101100010001111100100001011001100101111101100010010111001110001
11011011110011111110111011111101100001001111000011110100001101010011000011111100110111001100101100111110100100100011111000000101101111010011101111110001111011011111110111100101011001110011011110010110
01110111000011101111111101001001101100100110111100111111011101011110100101111111110111011001100011010011100000110110011101110101101101110001101000101001110100101011111111101110111010000101111111101101
10111011111110110010100111010010011010111110011000101111001101111100100101011111111101000111011100110001110011010001100110011101101101110011111110111000000100100100010100110111110001011001110111111111
01101100010111010111000010110101000111111111111011101100100110010110110011111010111111011111111110101101100100011110100010011001101111001101110110011010100110100011010101010101101011111010001010111101
11110100011100100001011111000001111111000001101011111011111100010011101111011100110110111010010101101011100100111001011010011011110001011010111101001010001110010111111101111111110101001110111110010011
10101011110010100111010100101000101110111111101011011100011011111011111001010010111100011101000111011100111001001011010001011100110101011110010100001111111000101111011101011100110011101000001111111101
01110101100010010100101111111111001111101011001011101001011110011010000101101001101100110101111110001100001111000101000100000110110111011100111000011100100110011101110110110011101100011100110111011100
10011010010100111110100101110011110101110111110010100011000010011010011111010101111011101011111101100011100011100011100010100011110110101011001010111001111011010111111110001100010110100100101111101110
11110110111111111010101100101010011111110100010011111110101011111111101100101110111111110111111011111000101010010011111100011101111111111110100111010111011110000001010101101010010110001000111111111101
00111110100111101011110011100011010111011110101001010101001101111011111100110110010111111111100100000111011010101101010000111100110010101110110000101011101110011101101110000111111011100111111001000101
10011110010011111101101111111110001111100111010011110101011101100110110011010111011010111000000001101100110101111110000010010010011101110110011111110001000000011010111011010110111100101110001111111110
10100001011111001111101101111110011110101000011011111011110100111011111111110000110111111101111110110101110110001100001101001100101101001000001101011011111111010100001101011011101100011101101011111101
01111100011101101101101010111101000010111101000010110001111000011001111101011010010011110111010001111111111001100110001111111001001001110011111110011010111000110011011001100000110111011101110111110010
00111011000110010010101110111010001101011110111101010001111111111100110001110011101101111111010111101100111001000100110110000110110110110011000011110111110000001011011101111011101111001011010010101110
11111110011111110001110101011111001100111011110011000111101110100011100011011001111010011111101010111101101100010100111001001110110010111100101011100110101110110111011111110101100110111010111100101111
01110100011101101010000011011001101100101101010110000101100110111011101100011010110110111111111011100111100111001001011000111001110000111011001001001001111011111000110111110110011010100101111111010000
10000110101101100100100111011011011011111111111010010111101100100110001101101011010000111011101000111110001000100000110100110011011110010011101000011111011011111010011001111001111100111110011010111110
11110001111011001001110111010111111000111101010111000111111001010101000110001001101111101111011101101010101000001010010011011111111000111011010010010110101010001111111111110111010001101001111010001111
11111100101010111001101100110111110000011011111011100110011010110011110111110000010011101011001000110100101111100111010011101111010111011100101101011110111101010010100011000101111010010011111101111110
00010111111011011100101111110111111100011111101101011110111111101101111110111000100111111111110110111010000111100110110110110100110111101010000101011011100101010101111111111101001111001110011111101101
01101001101101110110111110110111110110000110000011110010101110110100011100001000010101010111110011101001111100110110101100111001110100101101010100001110111010111110111100011000101101110110011111101010
11110111111011011111000011101010101110011001101110100011000111101100011011100110110111001101101111101101100001011001001101110001101110100100111111011001001110010100101001111110111011111110100110011110
10111010000110111011000011101100010011100111100100111100101011101111101111001101100001101001101010101000011111001100010011110110101111110111111110111101111100100110111111100101010100110000011011100100
10111110110110111111000101111101011111100111101110001110111011111011111111100010111011100011101110101000111111111110101110101111011011110011000011111011001010010111110110110110001100111000111010101100
00111010000111111111100110110010001001100011110010011111101101100011100110111101010110010011011001110101000001111111001111111100100001101010110101111100100101011001011111011111110100011101001111100101
10111110100000010011010101111100111000110001101111111101100111100100111111101110111011100010110011101001111110000101110001100011100101001011010111101111111101100011010011100101011100111110111001111011
11111100010000111110101001011010111111110001101011101100001010110100010111111111011110011100001100101011011110111101101001011111001000011000001111110111111111101011111110101010011000000100111011011001
10110101011100111011111111111100100011101010111010111011111011110010010001111111110111011001111111111111110010011110001101011011100000101001011101010111010000101101000101000111110011011111111100111101
00110011010111111110111111011000111111111110101110011001101101111011011111001010010101100000001111111110111111110101110000011001111000110111111111110101101011101011010111100100011001111011011000110101
00111010100001111101011110010110101110010111001100110010110101110101111010111011110001011001011110111101101100001111011110101111110011011110110111011010111110011011100000111110100111100000100011100000
01110011111111110011111111011111011001001110111010011010110101001101100101100000100111000111000101101111111101110101011111110001100101101101011001110110111101000000111101111011111101111010101010100100
00110101111001101101100100101111100011010110111010001110110100100111110101000101110000010011101111111111100011111110100110111100011110110111100111011101111111110111011101011111110100100100111001000101
11100000111011111110010011101100001101010100000111010010111110100011011011101001000010111100111001011111100010110111000100010111000001111000101010001010111110111101100001010011011011101001101011111111
10011111011010010110100010011100110100111011111000111101010001101001101111011101001111011110001111101101010101101111011011101001111001101001011110101101001111101110110111111011101001010101111100100110
00110100001011101110100001011111011110101101101000011011101111100101100011111111011001011101101001100001111110001000011011100101101011011010100110010100110001100111010111011101111010110100110111111011
11101001111101110110110011110111011111101001001110001101011110101110101111011111100001000111000011101011111111010110010101010011010001101101000110101011011101111001111110101010111011011110001100011110
00111110011111001101101110111110101111100111110111111100110010000110111100011101011001011110110100010110000111110011010000100111011011110010001011110101001100101101110011001110101010101010100100111100
10011010101010010111011111110101000111011010100010001010001010111100100111110011110111010011111111011100011101011001110111010011000111010110010101000011111100010101110111110001100111111001010111001110
00011111011100011111000101111111101100111011001010000111111101010111110001011000010111011011100011110111010111100101110000011111011111101011101011110001010001100010101011110010001100101010001110111101
00010111010110011010000110100111011001110011111011110110110100011011011111111100001001110101101010101110110110001101011100100011101101101111110100111111101111100011111000101011101111110110111000001111
11111001110001011001001011111010011001110100011001001011111111110110110111111111111111100101011100101100010001000101101110011010111111111000011100110111010011100001101001011101000001101001110111111100
00011101101011100110010011011111101110110011011101111000111100101111011001011101011011000101101000101001011100001011001100000001111101010010110111000111110111111010111110110101010100011101011100100100
00001011011111101111111010010010111000110101101000110011111001101110111110111011011111101010110000111000010110011101111001111011110111111001010111000110001001111110000110111101101111011001110011111011
11111011001110010100001111110111101111110110111001011011101110011000011010111110001001011110010111111000101111111010110011011111111000101110100010000101000100111111010011111111101001110000001111111111
01001111111011000100111100110010111110001001111001110000111101101100100011111000101111100110011100101001100000110100001101110101011111011011010011111011011110110010111001001100100110110101111001111010
11110101001001110011011011110000100101010100111111011101100011010111111111101011001110111111010011011100100011100110111101111100101110110100101011110100010110101010101110000101000011111101011111111011
01101011010100001111111101001101000111001000010011010010111100111101100001001111111110001111101000010101111000101111101011001011101111001010111111101100000111011111101101111010011001111001001111111110
10110111111100100110111100111010110101010101111111111101011001011001111010011011100110011111001101101101111010111010111110111101011101111101001010100000010111111100111111100011111001000101101000101110
11101111000011111111001111101111111011010111000101101011100100111110001110001111011010001001011110010111011000101100111011010101001110111101101101100110100111011111111001100101111101110100011101010001
00100000100111111011100101010111110010110001010101000101011101111100100001010111011010001011001000010011010001101110110111110111101101111110111010010100000010101111010111000111111100110010001101011101
11011101111111010110000010001001111101010110010101011101110111010000110101111111000000011110100100010110101111010110100100011011011100111110111010101111110010101100110010011110011111100000111101101010
00011110111011111100001110011101011010111101001100111111101101111110101111101111101110011111001111111001010011011110100111100110100101101110000011100111111101011110111101111011011111110000101011111101
00011000101011011001101111001101111100001011000111101100000011111110011011010111110011000101101010111101010000001000100011011000011101011011100111110001110010101000010101100011111101110000100110111110
00110000110101011111111010101100100101100111111110100110111011111111001011011100111111100011011000100111001110100000010111000101001111001111110111111110101101001011101011111100110011110101111010110011
01000111111111110111000100011110111110010011011111101101011100000000110111111111101111010111100111000110010001011011110111011110110000101100101000111101110010001011101011001101011111100111001111111101
00011000000101111110111001001111011111001011110011000010100011111110111101000000010111101010110111010100111000110011001011100100010111100110110000111011111111110101101010100000111111010011101110011111
11111001011001110011100101011011011010010111111110011111000111110110101101010110111011000111000111101010010101111010100100101111100010001111011000011001111110001001111011111111110111001110010111110001
01101111111110111000011110110110010111101110101110010110001101101001111111010011110101111110010111101110111011101001011101110101101101101011000110111111011010110001111010000000101100101010001110110010
10110011110110111100010111111110001100101101011101110100010111101010101000111011111101110011011001011010111011111110011100101000111111101101111011001001011000111110011000101111101101000000110110011100
11111011100011011010110010101011011001001011000101011100101010111001011001011000110011100110000010111101011001011011000010111111100100110110111111100111110110111110011110010011101000011110101101100100
00110111011111011001101110000011101010111111110100111110111100100000111011111011011110011010111111010101011111111101011111101101111101011011111010101100111111000111101000101001000110111101101101011101
00110001110111010111010011101010110010101101111111101100111001011011100011111001111111011100011011100001101001101011111101101111010100011000100111100111110010111111110100001011001110011001101011101111
11011101111100010000110111011011101101000111110101011110101101100101110101111101110111000111111110001010111111111110101110101101110111011011101000110011101011000000101001111010011000111011111101110001
01101100010100111111101001000011110001100000101000101011000011110010111010001100011111111100101111111010011000011011000110111001111101000011111100111010101100111110100001110101111110100100001101011001
11011011011110111111101011010110011101111100010100011111001010011010101111000000100101110100010110000010011011100101111111111011011011011111011101001101111011110100000110001111111000111110110110011110
11110010110100010111011001111110101110000011101011001110011010011001111010011100111110111111010111001101111101010100011111101011101101110010101110111001110011101101010110000011101111101110011111101111
10111111111110001001011100010101011110111101101001100001011011101000101011110111010100011100100101001010000111110001101111101110110000111111001101111001000110100100100110001011011011010011110011001111
00101100101101001101000101100101111010110111001011111111110110100011111101011111110111000101100101110111101001101100101001001110010100111011110011011101000110110101011101010110111010111110110011001110
01010100110111010100011111001111000111100000110111100110101000010111101111011110101000111111110110110101111111101011000110111011111011101001010001111110011100110101000011001011111101111111011011100011
10110110010011110111110101010000011011010100001001111011111101111110011011001101111110111010000011010010101101010111101010100010110110111110110110001001101111000101101101111101000001110100011100010001
10011100111101001101010111010011001110011100110010111011001110101100110001110011111101111110110010001011110111010010101101111001011010011111001011111010111011010101111011110110100100011110101101100011
10110101010100111011011101111101011101110000011101110111100111000010101010101111011000111101010111110111101111110011111101010110010010111011111010011100111001101111100011101101010000111111110101011111
11100111111101011100111111110111011111100110000110100101111111010011100111011101001111101000100010010111011101101111010011110011011111011101100000100001111111111100000111011100100111011001101111100001
00101001010111110000010111101011110100101010110111011001101101001000100000010101001101001111101110011111111010010011101011011110101101010111110110011001111111011011101111111100000100111110000011111101
01010000111010001010011110111011110110011100101010011010101011111011101111011110011111000011111100101101100001011101111101001101111000111000001110110100011111011111011010100101011000110110011100101000
10100011111010101010110010011011100001011011100110111011100000111110100110100100000011111000111111010110001010101110011110011010000010100101111010010110000110111100011010111000010001111001100011111100
10111101010011111111001010110011100011111000110100111111110111011111100101111101101100100111011111110011010111100010011000101110000011110110101011011011110111111101000000110110010010011101111010000010
10001111010011100011011101111111111111011100111010100110011101111001011011110011111110101110010010001101010010101011000111100111101001111101011111001111011111110010010111101110101110011011011010101111
01100111101111111111010011001011001010111101110011000101110101001111110110101011011010110010110010001001110110010000110101010111111011010011101010111111011011101000111101011111111111101010111111111001
11101001110011101111100110101110001100000100111001110011011010111001001111101110001110110000001110010100000111110101111101101010111011010100111101110011000000000110111101101101111011110111001001111101
11011110010110000001110000010011111001101101011101110010111010001011011001010011011011101001101110000001001001011011110011001110011110001011100010100110110000110100110011101111101101001000111111100000
11100100001111010101110101000100011011110111101110101110111111011111000111000010010101110100111010001001110011000011001101011110001011010000110110000000001000011110100101111101101100111000111101010011
11100101100110111011110100111001011010100010000111001011011110000101101100111111110100110110110111111101011100000010111010110000010011000110001001110111100000111000011100010100110011101000100000001111
11111101000111110111111010011111101111000101110010010011001111111110011110110110101100111111101111111010101101011110110110110010101110111111010011010100100111101001111101011001110011010111011101001111
01111001011110110001111010100010111010101010110001010000011100111010010100101011010101001100011110111111111101010110011111111101101111001011001011110110010100100101000101111110100101110110101010101111
00111111111011011011011110110001011101101001101111000101000100011110111001011010101101101100111100111011111011101111100111111101111111011110100110101111111110111010111110100111010101111110110111110111
11011001100110100110110100010001101101110000111110010111101011110111001111010110001000001110110000001101011101111101010110011110010010000011111101101011011101011111110111100011110100010110101010000110
11011100001101010110101101010100000001100011110110010011111011100101010011110101110011000001110111110101011111111101111011101111110100110101001101011011000011111111001001111100011011110100011100001001
00111101101101011111010110100000000001100110010010111110110001111111101100011011100010011111110111111111101100111111110010011101011100101101001001011111011110010100111110111101111010011110101000110010
00010101000011111001110000011001000111101011010011101010111110101110011110011011010101101111001111111101101110101101111101011101111011110111010101111111100111110110101100100101011110111100011001010001
11000100000001101001011000111011010010010110101101011011111001110010101001010010001101011011111000100111110111110101110011010010001111000101110101011111011011111111010111000010101010011010001001100100
00100000011011110111110010001010011011100011000111010101010001001111011111100011000110111011000111100011001110111101101101111110101110000101111111011111101111011001011011111000101110111001110010000111
11010011110111101111101110011000000001000010101110100101011000110111111000111110001100010110011111111101011110111111101101111011110011011110111111101001101011011001111001111000101010101001111100011011
11101101011111010110110110111001110000101110110101011110010011001011111111100000110010010111101111000011010101001001011101110110001000000111101010011111100101101010001001111101100001100011111101001100
10110101000111001100110001111111111101011100001010011110100110111011011110110101011110101110101010001101101111100110100100101000011111001101000110011010011010111100011110110111111000111011111010101100
