01111110111000101111110111111101001110101010011110010111111011111111010000011101
10010111001111010010001001111000011000110011101111111101011111101101001111011101
10000111111111001101111010101011110101111101101101111100110001111000101100110101
11000111101101001010011111001111100111111011010101111110110111001000101111111010
10000111001011111000100101010011011110100111101001110101001100011110100111010000
11111001110110111000110100111101000010101101101100001010111111011111111001101010
11111001001100101111101000100000001100110001010101111111110110111011001101111011
01111110101100100111000110100001011110100111111010000111000101101001110010101001
10110101001001110111101111010100111110101100001111110111110001011101111111010100
10100100001001111100011011000010001101111110000010010011111111110100100101010011
11111011110100101110100111011011011101101111110010010100011011011101100110110101
01110111001011100111100110111001000010010111010110001001001101100000010100011000
01101100000100111001111111010011110010010011011101111111110011110011101101101101
01111000110100111010010110010111010001101100110100101010110000111011101111000111
10001111111111010000001111111011011101010101110111111011110111101000100111110100
01001100110011100100010101110111101110111010001010111111100100011010111101011100
10111110011011000101111000111101011000000011011010110011001100001101101111001111
10100011111100011011001010100101010011111011011011101110111011011111111000010111
11010011101101000101001001111111101010110011101111100101001101001011010111101101
10100011100110001110001111010111101110101001110101000101111110001010000101011100
10101110101110001000010010100111101011111110101011110101110001101011100110011101
10110100010011011000101100100000111111111110101100010110100110100000111101110111
01110010110010101111010101110001110101010110000000001111101010010000101010111101
10011101101111110001011000011000001100111011100110011000101110000101111011111100
10110001111111100101100000000101001101001111000101110111111111000010111100011010
11011000111010110011001000110100010110110011000101101111111101101011101011011010
11100111000100111110111001011101011011101111011101101110010101011101111101110110
11001100101111111011001101101000011100110101101001111011011101110001001111011100
11110100001100101010000100110100001001001010001010011110010100111110110111100001
10010100100001011111100011101001101100010101101100101011011101011111011100011110
00111000011011110011100000000001011111100010010111101101111011011110011001100000
10111101001111111111101010100110000101101010010010100011111111110110011101010001
00110000100010010011111000000100000011011111011000110011010111100001010110011101
01101001101011101100011001110010001101000001001001111000111011111110101110101111
11001011111000111011110110111110010110010111110011111110010111100111110110100011
10111011111000110001011111010111011011100100111110011011110011100110111010101001
10011101100110010111110001100010101100011110111011101111011010101011010001101101
00110000011001100100111010101011110100110101001110010110110110110100001001110100
11111111111001010111110101110011000101001001001101010100110110111110010011111000
01110010010110110110111101010100101011001101001111010010001110101111000110101111
10110100111001010101110110101001100010110010011110111111111111011011101110101100
00101101111101100000111010110100101111010011110001001001111111111110011011101101
11011001011110011110111111101011101010001100010001011100000001101111000111111000
01111111001110101111000111110100111001110100111000101011111100011011110011011110
01101101001001100011110100010100001110000101001010101111110101111011011110000111
10010011001111101101000000100011101110001111001110101100110011111000100111000100
11101101100010011110110000111100110111111001110110101001101011011111101001100110
11110110100111100011010111100110000101111000011010111111101111000010011000101011
11000001111100111110100100001011001111011000111101101100011111110011110111111001
01111010100010100111100011110010011010110110000010011101101101101100110011011010
01111010100011111110100011110111111010001001111110010010111010110111110011010110
11111010111010111000110110011000111101111010000101100011011100000101111101100111
01110110000111110100001101111110011110001111111111000010101100101111110101010011
11111011101010010111111011101010001011101010110111000010111111011111001101001111
10010111110011111100011011111101101111011001100100111101101101011101100100110011
11001011110110111011101011010111100110001101101101010010111011011101110110010111
10110110110011110101111111000011010101101101111101101111000000110111001100010011
11110110111011100101100011111111111111101101110010110101001010011010110111101110
11001100011100001111001111010111010010011101001111111111010110101011110110001111
01011111010100111011010111111101101001111101100111011110001010111001101111010001
11010110011010100101011110000011111111111100011110100101011100000111001100011111
11110101111110100110100011110111111100001110111111000111000000011010001111011110
11100011010111100000110001011001111111110110110011101000101100011010111011111001
10101110111011010100001000111111010001101101111010100111110101101000011111101111
11111111101001111111100001101110010010111111111001001111011101110110100001001000
11001100111000001100000100101111011101110110001001111111100010001001110100111000
10001110000011010111100011001111011110111111101110101100111011101001010111111010
11000111101011001110100101110100101010011011101010111111101110000110111011011001
00111101111011111100111111101000011100001001011011111011011100101101011101111111
10000101100100010110010110101111101110100101100111111001011000110111100010100011
01110110100011011100011111110111010101001100101100010100100111110001100110001001
01111010111111111011110010111101111000011010110010011111111111010110101010101100
01011001101001101010101101011000111100111111110011100001011101110011011101100001
01011110110011111011010101111011000011100111011011111100010101111011100010010101
00110111001010100010011100101010011111111110001110010010010000110110110110001101
11111010111100110101111111110101100001100011000011101011100111100111100001001101
11010111000110011011101111010100110110111111000111000100011011111111101100110001
11100000101011111111111100110100110011011101111000110101011011010000100101110011
00010110010001001100010011100100011000010001101101111111111011010010110000000101
11100011011011001110111000001001111110010100100110011111101110110001111011111110
