010110110010101110000011011110100111011100011111001110001010101011111001111111111111011000
101100110010010100110111011011011011110111101101010111010110111101011011000110101110100010
010111101111110010111100111100110111010101111110100101010110000100001111001111111110111110
111011011101101111111110101110010101001011111111001010111001100101111100101110110011100000
101101011101111011100110101110111010011001111011011101010000100011010110010101011010101011
001110101111010000110011100111100011100001101011101110001001110110010101111000100100111001
111001011111011101101001110111101110001011011000101011111010011011001101001101000101101111
110110101100100100110111001111111100100101011111001001011111110111000101101011101010010111
001111110101001100011010010101101010011011010011110001100010001110101011111100110011010000
001111111000101101000100001101110110110101011011111111000111101011110111110001011110011101
111001100001001111010101010101110111101101001111110011100110010101010001111101110001111110
001111101010001010110110110010010100101111001010011011011110111110000111001101001010111011
101110010100011111000000110010101101100011011011111100111011111011110111001110001101011010
011011100000101111111111110000111101111001100111101100110110111011101111000011100110000011
100110101111110000110000101001010111011010011101111001100110111101100110101101001011110101
110100111110110011001011111011111101000111101001110111110101101000011100011100011111110010
101110000011110100110001001111010110010001010111110010001110111110011010101110101110011001
000110100110110100001111001111111101100110001101011101011110111111101110011011111110111010
011111110001011010011111001100010111111111010101111111110000011111110011111000111000101100
011101011011011010101011100100010111010101101111010100110101110111100001110100100111010111
001100101000010101110111000010110010111010111111100101011010000111001111100110010010111011
011110010111010001101011111010011111101010111110110100101101100101000011001100101011110100
110111011001010101111101111111011001110101111111010101101100111011110010101100100101111110
110001110010010111111110111010110001101110101110011111101111111001101111010111100111101100
001111100001111100010111011111000111001101010111101101111101000011001011010100110000000101
111000101011110100000111100011111010110110111111010011011000011111110101110101100010101110
111110010100001111100111100010111101110000110111111001101001110011110111001000001110101111
101111111110000011110010100011010110111011100110111000110100011101100110001011011010111110
110111110001100111001111111101110110100101100011111101101101100010011011100111110001111110
010001111110001111000010110110010101111101010011011101011101010011110011011101110011110011
101011111110110101001001011010011011011100001101000010000101101110111000110110100111011101
011110010111011111111111011111101101001110011010110110100011001101101101101001100001100111
010010111000110101000110011000110111101110100011110101001101001111100111101111010011101101
101100110111111111110100101111011010100110010101010111011111010111111111010110101111100000
111011101110001010111100110110101101110110111111001010001100101111110111101110111000000111
111101000010111101110111101001111010100001011101100001001010010110011110011010111100000101
010001010111110001101111011111001111010010111111010111111111100111011100110101010010011011
111010001100011010111010011101100010101100000110110111100110111110110010101100111111100010
100110101011011000101101100101111000010111011110111011011111010110011010101100001001101000
111000010111000101110011110011111110011000111011110111011000000001101010100111011101000111
010100101001101101101101010100011110101001101101000011110000110001101111000100101001010110
011111111111110110110010100111000001001010101110101001111010110111001100100010011001010100
011111000000010100011111011110001010100111010001000010111111001001000010010010101100110000
101110111100101010101110111001010111101100100011100011010000010111101111111111011111010101
111111110111101101011111010000110011101111000101111110101110000011111011010101100110111010
111100010010011011111111111100100111111011001000111111000101101111011111100001100111001100
101111011111110010011111111111011010111101010000111110110111110111111111101001001011101010
110111011110111111111010111011101111100110111000100100101101111101111001010001011101011100
001001101110111110101100101110011001011101011111011000111100111001011111101100111001101011
010010001111101111110111011111011100111100001110100100001100011111111011111011100011100010
100111110101111001100001101111000010001001001110100110001101111110000110110001000111110111
111011000100110101111111100011011100110100001111011011111000001101011111100100101001111010
110101100111000110100001010000110110111110111110001100111100101011010000111101101011110110
011010111111001101101011111011001101111111010100000100000100011011101101110011111111011001
000100101010111100110111101110010000110011101011100110000100101011011011001101011010011111
011110110001110101111000110101000100101111110010100110000100111011010110011011000100100111
100101110001100011001111111011001111101101101001111110000100110111110111100010111110011111
011000010111011111010111100111101110111000101111111011111000111001110110011001001011110100
111000111111111011001001000000010101111001101010000000000000100111011010000111001111101000
000101010100100100010101101011111100101000100111001000000000111111111101110101111011110101
110111010101111111010111001010100010110011000111101010111111010011011111111010111111111000
010001110011111011110011011101000101011011010011111001011101100000111111101111110111101111
110000101101111111100011010100111010010000100101111111110101000100101111010100011011101010
011101011011001011111100010100111111111001010111011100001011001011111110100101001110101111
100011111101110011111010111011101111111001011110011011111011100101011001010001001111001010
110110110110111001111111111101011110100111111111110111111111100110010011111101100101100111
100100001100111001110011011101111110010110011011010001001101011100010000110101110101101110
110111000110100110100010011011100111111000001111110110111111110111101001110011000010111111
111100101000010111001001100010110101101111011111110101100011111110010001101010101111100101
001111110101111101001001011100011111100011010110101101011101111100000011011111111111110010
011010001101111011101111101111001111011110111110111100111110111101000100111011100111111010
111001111111110000111101111011011110000010011111110101101001111011011100011011111111110011
100101011110001010111010010010111010111101010110111111001001110101111010001110001000111101
100011001110000101110001110001100101100000111001011011010101101011110111001011110010101011
101101111011101111100110001101011011011000010010110010110100110001001111110100011001001110
111110101011101110011111110011101110111110011000100110100011011101100100101011011011111100
111100010000110011001001000110101111000101110000010001011010110000011111110100010011101100
101010110111011001000001010111011000100100011111011011110111010111110111010100010001001111
111101011010010011110111110011110111010010101100110111001001110001101111010000001100001011
101110001110000101101000100111001011110101010001100001101001111000100101011111000101001000
111010010101101111100100001100000111011111110011100111101111101110001101101100100101101111
111001100100110111010011001000100101010100111101001001011010110111101111000000111001110010
111110011101011111011101011101101100110000011110011011101111111110011111010110000000011111
100100101010101100010111000011111100011111010111111111000111111011101111001111011100111110
011111100011001101101111011111011100011000101010111110010111111101111111110110001101010011
101001011111101111011110000111100000100011111001001111101101100000010111100100000111101101
101011100111100011101011011110101000101000001111100101101010111110110010111111111011010111
001000110110001000110111111110111011000111010101001010111101010101111000101111001011011010
011010110011110101011010011111010010110110001010111110111000011111110111011001101111101100
000011110101011010011000101001111011100100010000101001111001010101011001110001101010111000
