001100101101001011001100000111100011111111111011010010110001
000011110001111001101011011000100101110100101110010111100111
100001001011001000010101001100011011000010111111100111010100
100001110101111111101001011100010111111100100111000110001001
010000110101001111010100110100111111011101111100100001110000
011100011101101110010001110101011101100110110011111011101001
110110011000101101010111110100111111011000111001111111011100
010111101001010011000010000101111001111110000111110011011110
101001110101010010011111110010011101110000111111100011111001
100111001000100101101100111001101110110111101111110010111101
001000000001110110011100000100011011111001110010111110011000
111111011010011111010001111011010000111001101101110010001010
010101100110001011110011110001000101110110010110010111010100
010100011011000010111111011100111001011101000000100011010111
111111100001100111001111000111001100100110011001110011101011
000111100111001011011011100101010110111110111100100111000100
100111011011111100010101010111111110100111100111010001100000
110110110101101100110111100101111100001100110010001110011000
010100000100110001010110110101100000111111001111010101111111
001011101011110111101111110000100111101000111011011010111111
110100001110011100010101010111101110101101100111110011001110
101010101110011011111001101001100001010101000011100100101100
010000111000111101110000100011101110011110111111111111101101
011101101001111111011100101001110101110101011101100101100100
000011101101100101110111011100111010101111001101100100000010
010111101101110010111000101101100111011110100001111011010110
011100000101010000000101110111111011101101001111000110100011
101111110010011111101000111010111010101101010001100010010110
100000001001001010001010001100101100100010111101111110000011
100001010101101111101111011000010111100111001110111010101110
110010110100010011111111111110011100001000010001101011010100
001111111011010111000001101101100110100100111100010111011000
001011111110011011001010101110100111101101011001111101001111
010111101100101111011011010011111011010100010000000111110111
101110100110000110011010111101011101011011011010011111101101
111111111010110000010101011001001110001001011111110100010110
110101011111101110111001101111011000000100001111111011110011
110110111111110100100111010000000110000101111111011001001011
100110110011010101111010111100101011000000101110111011110101
110111010100111111101111111101011100110011100111010110000010
101001010100101110100010110011000010000101110110110010011000
100010000111010010101101101101001011010110110101110000111100
111111101111000111011010010010010000011111010011110011011101
101011101010101101010011000110111111010011101010011001110111
111010101101001100110011101011011011111000010011011101001011
011110011101100110101011101011010001111111000011101001111011
111101011110100011111110001001000011111110111101110010111101
101101111101001010111111111110101001110101101110111100101011
001011111111011100001111110111101001101011100111001110111000
110001110111101010111010010011011011111111111011000110101001
000001100010000001010010010011101010111000011101100111110111
011100100010100101100111101010011111000100001001111011001101
111101111111111101011010011111110110101110100010111101010101
011011111000111110101011010000111110111000111100001110100001
110011001100001010110111001001000110101001010111111001000101
101010111110110001110000010100110101101011110110101010000001
000101111111001001111110000001011010010011101111110100000111
011000110100110100111111010101101111001001110010001110101010
010000010001011000111000111111001101110100011101001000001101
110101001100011000110010001010001110111000111111011111111010
