00110000111011110110101100100111010011100001111101
00001111101110111101110111010110001011010110100111
10010011100111000011111100111110111110111001101000
10101010111011111011111011010010010100011000011101
01010100111001111001010011111101101100111100101011
01001010111111011011111001101100000100000011100011
01110100110111011110011011100111011001011001010010
01100000101011011110010111001011111110110001010111
11111111011111111001110011111111111101000000110111
10011110101100111000101111101111100011000001011011
11011101110000111101010111110110111110101111111110
01100110110011011100011101101010011101111111011101
11110111100101000001111110101000010101111111111100
10111111100110011111111010000011000100101110100010
11011000111000010001111111000100010011101110111101
11011111111101100000010010110110000101010110000100
01011111111101000100111111010010101000101011010111
11000011001101001011100100011101110010101011111010
10110111000001000100100000011111111111101110101000
01111100101011100100111111001101000100001011001001
11110100110011101111011001110101101100001110011111
01111111101111111001100111111101111011111111101111
10110110010111101001100101111110110001001001101111
11100001011110101101011011110001011001101101100111
01011011111011111001010101111111011011011100011110
01011111111100101001111110111110111110011101011110
10101110111110010000111111011111010110101001010011
01111000101000011110111111101011011110011011100110
00101101110110000111011011110010111000101011011100
11101110111000110111111011100011000110101101001001
11110011111101011010001011111100101111010101101000
10001011110001000111110110110100100110011110011011
00101001111000001110111001001011011100110000111111
10110011101110100110011111111000100111001101111111
01101011101100001010110111011010100010101111001010
00111101101111010011100001110111110011111011101001
11100001011000100110010011110111011100100011111101
11000010110110110010011110000010010100010111011100
10101001001111101110010100101100101110011010101111
01111011000110010000010011010011100101100110110100
00111010001111101111111111111101011100100001011111
01001000001111110010110111000111011001010011111000
01000100001111111111110000011001001111110101110110
10100111011110001101011101111110011111001110111110
11101100101011100110011100010010110110110111011110
10010011111110101100100011101001110011011111100011
10111000011110100111111011001111111111101101100010
11010001101110111000111111011000110011111011100011
01001111111001001100111111110001111000101011111101
11011101110100101001111100100101110110101000010110
