001010110110100011101011110101000010000001101111001011101001010110010101111001101001111001101111001011101110000000010101011110011111111111100010111111111101110110011011111100011110
001001111111011100110111000100110111101010110111101000011010101110111011100000010111111100011010101101110100100011011100011011110011000101101010011011001100111011111111110001110111
110101111001010110101010110100111001110011010100001010100000110111100110111110010000101001011111111000000011101110011010101101000010111011010011011011011000111111111000101001011100
001011100000000100110011111111111100111011101011100111101110101010110000011011010111001110000111000010110111111010001001110000001101101111011001011110000111001011100111101111011110
100101011111101011111100010011110111010111101111001101111111101010111000010101111111101010010110100011100110111001101010101010010110111100110101011011100000110111010001111111011101
011110010011110011111111111101010101010101111111110100100110101110010011100011100101111110010001001110110110100110110001110000111110110111111000101111000000111011101000001101011011
111100001001011101101111000111110011111100100001110011010100101001010111010111011010111001111010000101110010110001111111101100001000111011110100011100100101101100011111111010101011
111011001011000011110101100010000111010011110101000010110110101110010001110101000110000111010001011111011111001010011111111100010100110100110111110100011110001011001000110111111111
011010110000101111001011111011101110100110110101011100101101011000101001111110111111101101001111100100001010111100001010111100101111111101010100110101111111111001000111000101001110
110010000001101101110000111010000111011110011001011100101011100010111111011111011111100010010110101111111111111001010101110110011011010010111101101011111100010100111111011110101101
110011010001011110010010110001101011101110100010110111111111111110111011111101011010110110111101110011111011110010101101101111101110011100101101111011101000110111001010110011111001
011011110110001110100100111010111010110100111111101111110011111000110001111111011000101100111111011010001101111111101100110111101110111110111101101111111111110001111010111011111111
100011001100011011011101111110001110000100100101001000111110100011011001001000011110000001100011011011111100010101110001110110011111101110100010110101111001101111100100001001110101
011001100010100010111001100111110101001101100111100111110111011010010110110110011111101011101100010000110000011110011111011111111110001011101010010001101111111010111101010011110110
010010101111100110000001110101011100101011100110001101001110010101101111000110100111011101110010110011011000011111111001101010011110111011010001110011111010111000110110011000101111
011100101111001000110111001010001100110101100010110101100000010001000011101111101101000111111010111101111110110100110101011011011110011011011110111111011111111011000111000101011010
101011011011111000111000110110010111111111010110110001010111101100111010010001111110011111001000100000100101110101001101110011011000011100011110101010101100101110011010110011010010
100011111100100000110111000001011001010110001110101110001111011010011010111001110110101111011101010010010011101110111110111111110011111011110110011110001111100111110000010010100101
111111110101010111010101001111101100111111010111101101100101000100011001111110011001111011111110100101011110110111011000001101111111101000100010010110111001110110110101101001100101
010111010110110111101010110110111101001110010011001101111111010011101101111101110100101011001010111110110101100110111000110110111000101010110011001010100010111011010011110111111011
101011101000110010010111011111011111010011000011111101111011100010011110111110111101101110111001000011111100001011111111101111101110010011111000110100101100101011011111111110010111
010011110001100101101011000110111001111011010011010000010010001011100000111110101000011110111001101010000011000111111011000001100100000001001110011111011111011110001111101100111101
111101101010000101011101011011100001001110010000110101101100001101011111110111111101101111110111111011011001111111110100111110110010111111111101010110111011111101100010010110100001
110101111000111101101110010000011110111010011110111001011111111011001111101010110001100111111110111001101101100011011111001111001011001001101110011010011100011101010110111010010111
101101011111111010010000011000111111100110001100011010101100010010101101001110011111001101100011010110111001111111011101100111010111000110001010110110101011010011011010001001100111
101111001111101010011011101000111101111110110001100010011010011001111111110011101111110100001110101000011101101111010100011001100101101001010110001110100011011101011101011110111111
000101001101100100101010110011111010011100010100000011111111000111111011011110001101001101000010000111111010000111001001001011101001111111001010111000110010010111111011011100111101
111101100000111010111100000001100011110111010111111000110111011100011111001100001100101001110111010011010110000101110111110111001101010101101110010010010011100111100110100110110001
000110111101110110111110001001011011110111101111110110110100001010101010010110000111000111000001111101110001011100011111000111101111011100011100011110001101011101011011010110111101
100111101010011001101010001110101111111011101101110000111110111111101111011101111111100110111100011111111100011110110101111010111000101110010111101101111101111101001001111110101001
011110101011010000110110111101000011100111010010110011101110101001100101110110111100111101001110010111001100100111111110100011000111111110100010100001111100010010011010010011011101
011111100001011011011101111010001011101001101100100111111011111111001000101011111100100011010110001111100111011111001010111101011110110000101000100111010101100000011110111110101101
001100001011101101111101111011010000111110101111111011011111011110001100111011001111100001010111111100101010100011101100100111000100000100101101111101110000111101111101101111101010
010111011100111110111001110001000000010010101011111101110011111111101011100001010111100111011101110111000111100010011110100010111110101100101101111001101000011111101000110111011010
110010111111100010001001101111110000111000100101110001111001110010101110011001110100011111011101110111010011111010010101011111110100011110001110001111100110111011010010010111010010
011011110110010011011110110111110000111110001111011000100100111011110111111001011100011010111110110110111001111011100110101101100111101110001001100011000111110010001111101111111111
011100101011001110100101110111111011000111100011100010101110010010101111000010111110110111001101011101000111100001110110100111101110111010000011001110101000111111011000010011000111
001111110101000111101101011111001111000001111110111111001111111111011010101110110111111001101110101011001111111100110011001000101001111101010011111110111010111010100110010110111101
010100100110011010110111011001011011000001101100101111011101110010111110010101101000111110111101011110101111001111101110001111000001111111101110111111000101101000110110111010001110
000011101111110111110010111110101001100011011111000011101001010011100111100001111110000011001111110000001001011111100110100101100111111001101110100110011010011111010011101101110101
011110011110001011111111110111101101100100011111010101100110110100111011111000111000111100001001011100010011110000011001100110101111100111011010001001110011011011101101110111010110
101111010000011110101100000111110000111100011110111101010010110110100101101100111010011111111000111110011110011111111010010100011111101101000101111100011111110010011001010000000101
110111111011111100000000010011011110111000011001011110100010000111010100101110000100011110110110000001110101110101110001011100011000111110110101111111100101001010111010010101111110
011001011101000010110111011100100000010111101100100111111110111111011011111100001001010111111111101010111111100100110111001111011101010010111111111111111111101100001100011110011110
100111000101000001000001100011011101011111110000100011011111110111110111101111110000110111011000001110110111000111110101100010100110101111100111110011011111011010101111011111110110
111011011001111011100001101111011011011111010011011111101011001101111110011111111100000111101001010100111111110110011110010110101110111110111010111111010010011111001000010011101001
110111000011011111111101000110101101110111000101110110111011010011001100111110001111101111100011010000101110110110010011111011100110110101110011000111110000101011101111110110110100
110111111101110000111100010111001111100110100110111101010111010110111111100100111001110110011100001111110001101101111110010001011001011110000101100101110000110011110101110101111110
010101100011010111101011010111111110111001011011001101001011111111110110011101011101111011110111111100000101111100101010100101110010110110111101101111111011000010011011011101000101
000001101110000110001111100111101111010011100111000010001110011101110010010101111110101101000101111001001011110000110110100000010111111101110111101111001011010101111011011101010111
111010001101101001111001100100001101011001100101100101011010110111011101011001101010111111010110101110101111010010101010111010111110111111111011010110001100101000111111011101001010
000111001111011101111010000010010100011011110111101011011111111001111101000111011000111111110001010001010111001001001001110110111011011001010011110000011101110010000101001100100011
101100110011010001000000111010111000111100111110010101111111001101111100011111011101110110100010011011011101010111011001001001001011011111111011011011000101011111010011111101110010
100110100011011110111011001000111110011111011101101110001001001011111101011010111011000101111010001001111011100000001110111010010100101111101011101101011001101101111110101001111110
101111011111110100111010101111110111100110110110000010011010001110010010111001011110101101000111101110000010111011101001011000011110111101010011011111101110011110010111001101100111
010010110011110010011101011111011110001001011011001110101110111000100001011010110101110111011100100110110011100100011110110110001010011111101110101101000101111100110100110110100010
110110001110101001011011111001111010111100011110111111110100101111010110111111010011100100101001011110110001000111110101111101011111111110110110101010110111010100110010001101011000
000111111010111011110011101111101001111010011001010110011011010011101001110110011100101001111111110001110110100101100001111010001111001110100001101111101010101000011111110001111100
010111010111111011011101011101111100110011111111111110110101101011101010101001111001100011100110110000101110111110110100011111011100011101000010001011011101100110011101111110111001
100010001111010011111001001100011110011100001111100111000110111100010110101111111110100011111010110011110110011101101101011001001010110001100111011000110011010001101111000001001111
011111110111100010001001000001110111011011011000101100011011010000110000011011110111111001000110110111011110111010100110110111101000000101100111011001110101111111001110100101001010
101000001011011101010001110101011111111111011011111100010101101101011100010101101011111001111001110000000100101111011101101011111111101111100110101000011111101101101110011111110101
010111111011010011000111010111111101010000010100110111111011010110011110001000101010010110111000111000001001000011011011101101001101111000011111110011111100100111101110111010110011
111001010010001010100010001101011100010011111101111010101001011001111011101110001101110100010011100100111011010100011110110111000001111001111011001011110010010111110111110111110111
111111010110110001011101101011011111111101111011101001101110001001101111000111100110011001010110100111111110101100101101101110111111110110011111011111110010100100010001001011101111
001000100000101100010111011001110101010100111110111111001110010110001110111011111101110001011011100111011110100101100011001000111011010001001110100110111100101011010010110001011110
011110001111001010010100111011100111101111001101110111010110100110010011110001001011100111000110011000111001111110110111001011101110010011101011101101011111011110101100111111001011
110111110111110011101010011100000001011010111101111111101001111100100001010011111011111110111000011011001101011101100001011011101110000000010010110101001110011101011010001110110011
010010001110101011111011111111011110111010010111001111000110011111000001000010011010101111101000101100001011110110111011011100101100111111111110100111001000010011101010011111111011
101000100100011000011011110101101011101101101111101111001001011011000000111101010100011100010000001101110101110011011101111011011111010001001010111010010001110010100001100101010111
011001100110011111001011011111000111111110011101110000101011001111100000110111101110001001101101101101101101010111101100011110011111101000111001010101111010010111110011001000000000
110001111111101100110011111101100101100111011001001101010100000110111000011011101101101111010001111000100011110110111111101111111100101111110010011010110111000100100111111011011111
111001011011010101111111010000111101010111111011000000101111000101100110001101011001110101110001110100010110011101100101001100010100011111011101010101000110100101110010101110010101
101110111111010011111110011011101011001010010110111011111100110001110111001010111101001110001011001011001000010011011001110110111001111100010111100010010111101101011100111111000011
101100001111100101111101101101011011010011111110101011111011101101000101110011010010011011011000110101001010111111101111000001011111001000101000111111101000011101011111111111001101
001010111111011100111110101111100000011001111111110110001101010110000110100011011010011011110010011010011111111101010101100110111010111101111011111101010110101011011010011111101000
001101101101011100101111111010111000110000101110000111011101100111011011011101111110011101100110111111010010011111010101011111110011110001111110110000111111001111101010111101010111
100111110111000111010010010001011111001100001100111110101011110011110111101110000101110101101101101001111111110100011001100001011001110110010011011111101001101001011001011110110001
100011001000001111011111010001110010111111001101011001010011111011010011010010011011011110101110111111110101101101101101111011001111010111101100111101111011100011111111100011100011
011110101111110011111011100001110111110111001101110111111111100001011100111110101001111101101010010110100111000011110011111110011111110101110010110101001011000101111010101011111111
100010101111110110101110111101111001101111010111111111100111011101111011110110110001111001110110111110010011101011010001010001010110111001001110010001101001011110010110001101011010
010111011100111111011010111111111111110100100110110010110101100111000111010011000010010110001111100101110101101110110101111101111100000100010111100111001110101101001111110110101101
010110111110111011000000110011001100110101000010011001101001111010111010001110100101111001101000011010111110101111111111111111101010111101101001011111101101000000110111011001011011
110111001100011100101011111011001100010000010011100011011010110101110001110001111010001000110010111000100111101001101011110010010001101111101110000111101110111011111100111111011011
111011101111010001111011010101111100111010001011111110111111110101111001100001011010001101110111110010111111111101111001101111011111110111000111110111101111111101111100001111111011
110001100010001010100100010000100011111011111001101110010000111111010100101111111110001101101111001111101100111101111001111000111110101101100111111100101111001001111000101110110111
111111101001011011111110101100100011011011100010111100100100110010011111011110111011110010100110110000010100001111000110110010010001111010111111101000000110110101011000110011101111
010101011011001111001111111011100110101011111111011111111000001100111101110011110100110010110010011011100110111011111011111101011101001011110111001111010101111110111110010110000101
000111010110010111111111000011010111101101111111101110010011001000111001011100100100001100011000111110100010111111110011111111011111110010111110110100010011011111011100111011010010
101000111000111111110011101110111110110101011110111101110111110011101011101111011010110000100110111111111010011001110111001111001101101101011100100011011110101110100110111010011110
100000100011111100101111100101000001011001110110100111001111011000011010100111111011111101011110010010001101111011100110111010111100011111101101010010100101110001101100111000001110
011011110111001101101111000101011111001001111001101101010101011111010101101100001001100110101100100111110000111111000110011111001111011001101111001101100011011110000100001111001111
111000101011010111111101010001100111111111011101000001011101011001011010011001110110010010110111011100001001110010011000100011110101110110000111001011100111010001101111111000011110
101110001111010001100011010101111111111100110001111000110110100010100010000011101100111001111010100101111101111101101101111000011110000010010100111100011011010111110000000010111110
111110101101101100110011111100111001010100110010101011100111100111100000010110111101111101101100110111001110100001010010010110101111110001100011110000100101101010011101011010011101
101101011011100001001110100110001110101110010110110100101100010101000011110001000100110000001000100101010111010111011111111111111111110001111111101001110011010010001010011111010010
011010001110001110110111010010001111010101010000111000110111111111001011101011101101101011010111011110011111010111010111111001001010010001011111001110001110000010111001111101101010
001000010011111101010011100111101111101111000110110110001111111000110001101110111011101111101010101111101010000011101111011101101110111111110101010010000011111011000111111100001011
111001010101100100010111010011011000111011011001111011101000001000111111010111101011010111001000110110000001110001010101111100100001011101111011111011111011011010110010011100100101
010001111100000100110000101011111111101011001101101000111000100111001110101010111100010011011111111001000110111111001011111101101101100111110101001100110111010010011111100010010011
100111010111101001011110101101110111011001011001001010111001100011010000010110111010110111110010111000101011111100101000101010100101110001111111110101000001011010011110110011110110
110010110110101100101011001111110110110000100001010111000101100011010110011011100100010101010111010100010001011000111101101011111110000110111111000011011101001100100101111101111010
110111100110110110011001101011011001001000111111001001011111000110100111000001110111110111010100010010000011111000011000001001011100101001111111110111110111111001010111011100011001
010101110110111101111010111111000011000011111101000111011101100111100100100111101110101001010101100001001011010110011010000110111110111101100111101010011010001010100111001111111111
100000011111101100101011111001101001011101010110011011000010101111111010011101000010110001101110110010010001111000101011110110000011000110111111111011110111111110010011100101100000
110111010101100110111001010101110100111001111110101110000111110011010110100101110111111100100111100100000000111100111001110010011011111111011110001110000011001010110000010110011110
101111111110000101100100001100011110111011011110011101110111100111001001101111011011100111000011110110110000011000110111110110011110111111001101110100110111010110010001101111000011
001100010111000011010111110010010111111110111101111111011000001100111111000101111101100000101101101011111000110101101010111010111011000000100000110101111001110100011001001010010001
011111101111000111110011110000101111110010110111110001110110110011101101001101101111110110111110001110101101001111101111110011101111011101111100100100110110111111011011111010111011
000110101111111110100010100011010011010111100110111010100011100100111111111111000000110111111101101111111111000111111100101100011111000010110100101010111011010101100001010001010011
001110011101011001001010110011010011011101000001100100100011110010110000101110101111111111110100000111101110100111111101111010000101110011111101101011111110110111001110010111000001
001001001001111111110110111111110000011101111111100010011111010111111011101111100110111010010101100110010101111011110000111100001100111000011100010110110101001101111001101000111101
011101010011011001111111111001111111001101001110001010101010111000101111011010011110001110111001110100010000111101110000101101001100111001110111011101011011100111101110111010110011
010010100101101010101111111100111001101101101001000110101101011001010110111110111011111111110111111100000001111110101001110110011110111110011011011111000011011000101011010110110110
000011100011101101011110000101101001111101111001111000101111100011111011101000110111110111100100010011001111111111011110100110011001001111110101011011010111110101110001000111000111
111001110100111101111111110111100110110011111111010010011010011100101101010111011110110111001011101001110110011110100110000110111001010111101010100100010010101101010010010000011000
011110111011011011111101101010111100001011000101101111110001011110001111011001100011110100001101010111111101111001100111100100110101011011101101000000111111101110101001100010101001
110000110111010111001011110111101111101100011101010001011011110110100111101110100110001001110101111001000010111000111000100100111101101101101110101001001100111110111110111011110110
001010111000010001001101000110110101111101010111111001010000101101101001001000010011001111110011110100011011100000111000111101111110010111101010111101111001010011101111010111111111
100101110110111110001101101111000010010010111010000110101101011011111101111111111111110111000101111101001110101001001000000011011101011111000011111101111011111101111111011101000010
001111111111101011011010100101111101100110001010111101011100111110000101010101110111111110101101101111001111111111101110001111100111101110011011111100110010111011110111100101011011
110101011101110111010010010101010010000001100111001101111111100100011110010010111111011110110111111100001111101101000010001011111101111010111101001101111010101111110011101011100101
111010111010011101101011011001010011011000110010001011101111011011111111100010110110110111110101111111100001011110000010110111011101011011110101110111101110101011010111010101101111
101000111111110001111011100110011011101111110100100100011010101110001011110110010110100111010011011100011010010111111110101011110101101101111111010100011111101101100110110110000110
110010000111111111011011101111101110101010011110001101010110110110110111010110110011101011111011000011011111101001110001111101001110101010110110111110111101111101111101001011100101
011000000011010111101101111110111011101100010011100010001011111100110101001011101110100111011001110101100000100010000011111110000001101010110111011011001001100100111111111011011111
010001001011010001111110011011000111110110001110101100000000110011111001010110000110010000101011011111010001100000011110110100010011011011011000011101111101111010100001110111011110
110011010100111111110010100001010110000001110001111101101010010011000111111111011101111110101101000001110111010001111111011100100110011011100011001011111100000111110111110011011000
100101101111111110111001001111010100110011110101001110111111111011111111011101110110110111110111110101110111110111110111011010000011100011011101111101010000011111110111110100110100
100111011011111100101100110110111111100111011110011001101110011010111111101000111100110111111111010111110010111111001111111110010011101011011111011100101111010010000110010110110101
111011001111111101101011100010110101100111001110111110111101010011110110001110111010110010010111110001011111110001000010100010111100101011111110111111101101000100011000111111111011
110100001100100001100001111110100001011111010001010110001100011111000110011011110001101111011011001110001101111000111101111101101100010110011110001010010100110110100000101011101101
101111111001101001110010011001110101111111101110111001101001011110001011010111011011111011001011010110110110001111000100110111001110000000110110110101111010110011101111011111011110
101011111111001111001010001110110010111100110111111110111011001111101100110111111010101010111011111010010110101111011011011000110001001101110100100111010010110110110010011110100110
101110101011111111110011011011100111111101101101011111111110011100001011111100001011011101110000011000110110100111101101111111110110010010101001011111010011111100010011110100010011
110111011011100010000010101111101111011011101111111011111110110010001001110101110111110001101000011101011110100001110111100100000001010011111001110011110111010111001101100111010101
101101100101111101011010101001100011101010111101101011011100010010101001100001100001101110101100010101001110011001111011111011111111001101100110010111011101111101101010011011011110
111101101000011101001111011100000000011111001010011111110011110101101101100110111011110101110011111110110110101010111111001100111110010110011110111000010111110011110010111111001011
110011110111110001111011000100111100001100111110111011011101110100101011001110110011011110110011011111111001111010111110011111010010111110000111101100100000101111110101101011011111
001111111101001111011010010011000000010010110110111110101000001110011011110111010100001111000101111111101100111111100000111111101111110101001111110101001011101101110001111111001101
010101000111010110001111101110011111001110010100101011010000001111101110101110101011001011110001101011101110101101011110110100101111001101010000000001111110111101100010111010110010
000010111111000111000111010111001110001101111001110000011001111011001000110010101101111111111101110111111110111110101100011111001111110011110000001101111001010110110010111100101011
111000010000110111110101111101100010111110011110011111111011111111111101010111011101111110011011101011111100000011010111100111010111100011110001011110101100011111000111111001100011
001110010111001000010010000001001101110001111011111111100101101110100010110101000110111100111011111111111010001011101001111101011100001100110010101101111110100111100111101011011011
100001011111101110001000101001111101011101111101110101011100011001111100011110110100111011000111001010111011111000010111101010001010110101110001011001101001110001111101000011111110
111110111010111101101111101110001100011001111100001110100001101010010111101111111010110010100110011010101011000111100011101111101110101111010010100111011101110010111110010000100111
111111100111000111010101011011001110111011110100110011111111110110100101001101100010011100011101101100011100011011100111110011111111001001100111100100011110011101001010111001101100
100101111001100101101110110011011010111101110111111001110100000011111010101101110111110110010100100110100111100111010011111110101110111010110111011001101100000011100101011101000111
111111000111001111110111110110010011111100111110111010101110001111001101011001000111100101101000111001111100011101100000001011010011011110000010010001001011111010011111011111010011
111011001111111100000100000001111111001010111111110011110110101110111010101101111111100101011001001011101001001011100111011001111010111110011101110110111011101100111100010101110110
100010101111111010111010111001101110110010110011100000101101101111000011001011101011110000111011001100101011111100001011111010110110100100101111100101011000000111111101100111101111
101000011101101100100111001101111000010111011111100101001011111111100111010110100000000111000101001101111011111110111011110110111001111111001101011001100011010110110110100101100000
111000011111111111101111100011100100110101011000111101100110011001111010001011111111110001000100101001010001011010001111011111110110100010011111111111100001110110100110010110011111
110100111101010111001101000011110011001001111000001110111010111001110001110110000111111101101010100101101010101100101100001110110111000111001011011100000001110111001011000110011110
000100011001011101010110111100000011010111011100110000101101010110110011110110110101111011011101111100111110111011111001111100000100111101011001001011010000010110110100111011000110
100100101001110101100110110111010001001011111000110111011011110000100101010011111010110110111111011111101111010111101011000111100110001111010100110011011100010101011110000010100011
111011101011111111111010000101011011111001010011001101010110111011000100110101100101101101100010010000101001101010111101111111100001111011111001110011001100000110111100111011011111
111011001111011100110111111011101111110111001101010110111001100100111110001000001001101110111101011110101011111001100111100010101101111111001110111010011111000100111101010111111111
011101111000111110011111010011001110111110111110001011110100110001110000011111001101110111010010011011111100100101011101111110101000001010111010001011000000000011001111100101001111
101010100110100011100111011111001100100100010100010011111010111110110011111010011100101111010100000001001011111110111101010111011011011110111111001001111111110011101001111000101110
111111010010110111111100101100100111110111101111100110100010101101101110000110101001000111010111111110011110101010001110111000111101110101100111010110111110101100011111110110011011
011111011011100101011011111111001110100110000111010011000001111101011010111111110101111010101100010000100000111110110011111110011000100111111011101100100101001100011111010111011110
011101000101111001100010001100001100011010101011011001011001011100101111100010110011110101101100101001010100010111101111110111111001110011111101110101111010110100000001110100101001
111010100101011011111001111010111010101101100001111011111110000111010010111101111011111110000110101110101111100100110101111011011010011001110100110011110011110011001000111011111000
111001110111010010001100111011111101100011111110111001000111111000111000011111110101111110101011100110000001101111001111000011000010100110000000111011100101111111010100110010010110
010100101100111100101101010100011001011010011011001101110111111100100001011000101111100111111010010111110000001010000111101111011100100100100011110111111011111011001001110100110101
110100101111001110011111101110110011011100101010111011101101111101011011101110111110000101001001011110111000101011010111111101011100111011001111011010011101001011000001001001011100
110110101100010100111100011011001001000111001011111110100111000110000111001001100110000000001010110101111011110101101011111011111000101100110011100110100100011111100110011100111110
111110110011000010111101000101011101001110000011000011010110101101100101111010110101011011101000110111001010100110001100110101111011001101111111001000110010101110111100011111111101
110010110111011011011011011011110110111011111111111010010110011101101001011111000111001111101011111011100100111011010111001101111110111011011110011111001010110111111101101101011101
101111100101101000101101111001011001001100011000111111101010011010111011111111011011110011111011111001110011100110000101010011000011110011111111001110000010100100010011110101000111
100111011100000100011110011111011111010110111011111110111010110100111100111111001101110100010001111001111110001001100011101100101110111101010100000111111100011011100101111001101101
000110110111010011011011010111111111111010011110000000010010011110111001111101110101111111010111000110010111101011101110010111110111110111111001100010101111110011011000100000111011
011111011011110110110000100000101111100110101101111011101101110111101101011110111011101010010001100011011010011000100111111011110011100111110011101111110010111001010010111100011101
010000110111111001110110111111011001010100101111000111110110011110011000000101110100111000000100101011011000100111001110011010001111010000001110111001110001010100110101100110000010
111111010011110110011101011110100111010110111011010011001110011101011101100011011011110011001111000111110101110111010110100001111110101110101001100011001100110011011111110011000100
101111111111001100010100011011111101011000110101001001001111100011101001001100011111101001111110110001110100100100011010101001110011100011110101101000101100111111110011110111000111
111110011101111001101101111010110001111111111011110001100101010111000101101010010100011101111110001010010100000101100110011111101101110110110000111101101110111101001111111101011011
110101111001011110011001110000001111101010111001011111110001101111111101010010111011111011111101110111010110110011100111101101100010111011101111110111101111111111001001001010101100
010011110111101001111111111111110001110101000100110100100011011110111101111011110111111100010010011100110011111110101010111011000111001101110111010110101001111010100100111111001100
