011011111111100010001011111111
101011111011100101111011111100
110010110101110001100001011111
000001001010110101111101101111
111001010110110001101001011011
110110011100110101010110001001
111000011111101011000001010011
111011100011110101111011001100
110101100101011100110011011111
101011101001011001110010011001
110110110001111001011111010101
111000111110101101010111000101
111111110011011011001111001111
001111011110101001111010100100
000000101111110010001111011111
010101011001000011001100001101
100000100000101101011011110000
011111110111110110011011111011
011110011100010000010010111100
010101011111010011100011111011
110110010010111111000001001111
000101000011101100000000111001
110001011111111011110001111101
111110111011101011011010100111
110100000000010011110111010011
111010101110001011110110101010
111111011100101101111110010101
111100011011111100101011001010
101110101000101001011001110100
101111101111101101011111101000
