0010100110001111000001011011010010011010110111000010100110100101000101011111010111110010000100101010111100110000111001011011011100100011110101111100110011100111
0001010010010111010110110110110001001111001100011101110111001111110101111100010111010011100011011011100001101011001011001100011101011000111110010111111010100010
1001000110000010001001011010000111101110010011011100110111110010101001111111111100011110110110001101100101101100100100110101100111111010110111011001010000011111
0110110110110010000100100011011010100110110001110101101101100010111010111110101101101000111111010001101001010101111111001001010011010011011010001111111000001100
1001001101111000111110011110110010011011011100101000001100010110011011110010010011111111000010111111111110011010011111111100111110001101101101111011100000001101
0101001111011010111100010101001100101100011110111011111101111111010111000101100010110110110111011111011010111100001010111000101001011111000111010011010001101110
0000110111100001100110111011101101111011100111110101111111010001000011111010000111001001001111110011111100001111101000010111100101111011101100111001010110011001
1011111011010111110000111110111001001100111111010111100011100111110101110111010010101001000001001111110000000100011110001001001000110011000011000111001110111111
1111011101111110000001011101100101100101101101110110110001011101011011011011110100101011111101101010011111001011011011010000000010101110011001011100011111111010
0000111110011110101110111000010111011110001110001111100001110111111101110101000011110010011101001001111011111111110000110011101110010010001011100110010111110100
0001101010011011111100000100000111111010001011010111111101010010100001111111100010001111100011000000110101111111001110000101001100100101001111100110001010011011
0101110111101110111110111010111011110111111111110100100111101000101110110000111010010011111110011110001001111000111011111010110101101110101010011110110011111011
1000110011110010010110110010101011111111111011011101111111101101011011101001100111000111110111111000101010110110100001001101011111010100100110110110100011111111
1100000111010011101001111010011111111100101111011001011100110101100011110110111011111010111111101110111101111001111101100000011111010100100000011110011111000000
1111010111111101101010101011001011110010110110111111010011010001100100101110001010010010111100010011111101000011001100110111111110101101100011011110100100101001
1100001100100110010001111100100000011010100011100010010111101011111101001101011110101011011011101001110110101000110111111100101010111111010111011010111111111101
0000111101110110010110111101011111110011110011011101000001111010011011010111001111001101000111010101110111110110101111001100011011111010111000101010001111110111
0100110100111001101111110101101011110110111111111111110110101011111010100110111010000011100111011001011110011111111011111111101011111110011101010010011011110110
0010110001110110010111001001111011011011110100111101011001100010001111001101111101110111101111101001111110001111110111100100101110001100111101111111110111010110
0101111001111000111011111001101101111000011110001111011011011011100011111110111111101001110010011100000101101000111011111001101100111101100111011001011011010111
0100101001011010111100101011011000111010101101111010111010111110110101011000101001011111101110111110111111101101000100101010011010100100010101101110110110110011
1010000010000101011100000001011110010110001111011001100011000100110111111111011101100011111100101100010110011000010000001101000111100101010010111001011111011010
0101001101011111110110000110111111011111110110111011100011111001010110111101100010010011001111010011110001001011111101100110101000011111101111001101001001100000
1110111111011101110100000111101011001010000001010111111011001111111101111001011111100011111101000100110101010101001100100011101111110000011100110101011100111110
1010101111010111101110000111111100001110110110001110011110010011000110011111110111000111101101010101011010011101110110110110110101110010001101001110111010011111
0100110110100001110000111001011000111000011110011111100111110110011111101110111111100111000110011111010011101110011101011100110110111110110110101011000111000110
1111101100011110000010111001010100111010111111111101010101011010010000101101111110100101000101111011101111101111101010000111110110010110111011110001101011010110
1001011010000010111111011110101011101010100111011011010111010110111100110111110100100011111111111001110110010001111101010100111100111101100011110001110111011110
0100101110011001011100111001010111111001101111111110001101011101110110110011111101001001000011100001100110000000001010001011101110110000101101010110101100110111
1101100101010100101011101110100111011110100001000110101111101011000000100100110111111101011101011010100011110111110111111010011111111100110101110011011111010111
0001011100011110111111111101000011111100100100011001101111101101111000001011111101011010111001010011011000101011110101010110100100000110111000001110111111111110
0010011011100100100101101010110000011010110111010111111100101001111000011111110001011111011111101111011001011111001111011100111010100101000001101111101101001011
1011100001111110111001110001111000100010000101111010100011011011111100001101111101111111111001011111001111011001111111111011110111011110001001101110000010001110
0110001111111110111100110001111000100011101101111111111111011101101101111111111101011011100110111101010000111011011111011001101111011011111001101100100110101101
0011011010111110110110000111101011011110110110111111000111010110110111011110000000111110111111110100111100110011110011101111011101110011110010000110110111101111
1000101001111111111111100110111100101011111001111111111101010011111010010100110000110100010100110000111110101111101011111111001101110000000111111110101101111110
1110111101101101001110111111111100110111111110110011110101110101111100101110000110001111101001101100100110100101111000001001110111110101011010010011101010110000
0111010111011100010001101000011000101000000101110011010011011111101111001011111110100111101011010111110111101100101011110110001101101101001011001111111100111010
1111101001111011111011111011010111111001001110111001011011001100111100111111010101100111100110010010001110010011111000001110000110101110011011010011011111110111
0100101010011000101000100000100001011010111010111011110011000111111010010110110011110110010111111100100101010001111110110111110101000111001101001111011011101110
1001001110011111111010101011111101111001000001001001000111010101110111011111100000100110101111101111010110011011101010110111111100101100011010111000100010110111
1011110100011010111100101110000100111001000001111001011100110010101101001111111101101111011111011111011111110100111110011111101111010001101010101100001100110011
0100110111111100010111000110100001011011000111011010101000110011011101011111110101111011111001000001111010000111110011111111111101011110010111001111101010110101
1100111111010110011111101111101111101110001000001111011011010110101100110011011010111001001001011110110101001100001110011001111011001100101011110111001100011011
1010011101111111110101101111100100101011001001000110001101111110111111011011111111100100011111011110111111100100111101010011111101111100111000011111001111101110
1011001110111101110011010011110111010100111010000010001000001101110101110110010111101110111001111101111110001011110100101111101101000000111110010011101001101111
0001111010010011011010100010100011111111010000011101010100110011011010011111001110111010010101011011001011001100111000111001010110111111001010110101000110001111
0111011110111110111011110111101111111111011000100111101110110110101001110101111001110100101001011100011101000101111011010001010111101100111111010101111110011000
0110110001001110111111101111101011110011111100100001110111011111110111101010111101011111111111111101101100101111101101111011010101010101110010110010010111101101
0111001111111010111100011110110101110000000110110011100110011001111100000001001110001110101001010011001110001101100000101111100010011101010010101111111000011000
1000010111100011010110111101110111111101001111010100101011111101101111011111110110010001011111011011010000111100101111110111011010011111110101011111010011010001
0101011101101110111101110111001101111111110100111100100010010110110100101100011111110000110110100010010011000010111100011101001010001000101011111101101110101100
1111011111111000010011110100011111011001001000011111000001100110001010001100110010000111110110010001110011110101111111110011001001001110101011000110110101110010
0110011010101111011110011011000101011111010100101000001111001011011111011110101110011101111010100111011110111110010101100100111001010101111011110111100001100101
0001111000101100001110011000111101010010011111010010010110100111111111011000101110010100000101110011000010100110011101100101011110101100001100010100011001111100
1111111000111101010000001111111101111000110010111100011011001111101001010110001101001000010001000110110110110011000100001100111111010011010111101100110101111010
1110001100011011010111111101011011100111100100011111011101100100111111001000011111101011000011110011111111101100100100011011100011110101110111111001010111111110
0111011111111011101101110111111011111111100110001010110110000010001111110100111011111111000001011111001110101101111111100111101111011011111101001011010110111011
1011010101011101111010100100011100001000011010110010101010000110101001011011101000111001101101111100000110101010110111010100011110001111111101111100111010010100
0010111011100110100110101111100011111100111110111111000000001111001101001011111101010010111111011101011000011111111001100111101111111100010110010101010101000100
0100010010011001110110110010111111000110000011001110010100010010110010001111011110011110010011011011000111111111111011100100111011101111111100011111111110010010
1100110111001100000011010101101001101111100111011011101110110011111111111100011010110011001011000100000011011011101011010110010100011111001011000111110011100011
0111110101100001111110011111010010110101011110111001111101111101111010110100111110111100101101011010011110011111110011110001101110011001101111111111111001011101
1100011111001111010100111000111111011101101001101110011100010110110110111101111000110111101100101111001011011110111100101110100101000011110101011111011001100010
0111000101110111010111010001101111111111110111011111001110101111010111001011100000010100001110111101000100010011111101100001001110111011011101100110010011100101
0101110111001001110011110111101110111011101011101101011010001111101011011111011000110000100011001001110011010011100101000100110110011110010010010011001100110001
0011100011011001111000010101001111011111011110110110111111110110010111101100000111010011111001110110101100111110101011111010111011101111010101110101011011011101
1100010101010011001011111101100011101110111111001111011011010101101011001011110111110011100001101011111101100001111011101111111001000111111100111000101001011100
0001111010011100111101101100100000110101100010101010111011001111111101110111110101111111101010110011011110111101011000001011100110110110011011111001011111110011
1110111111101101101111010100000001100100111011011010011111110100111110110111101111001001111001110111100101011100111110100001001111110111110011111100011100110001
0111101101111110010101110111110001001010000101011001000001000111001011010011101011001100100010001011111100100111110111110111110111011101001011111011111001110101
1111101111110100100111111001100101110011101111110010011101100111010011101110101110110110001011000111111001010110110100110100101111101110111001011100011111011011
1111001010101011001111111110001111101110111010101011111010111101111100010100111111111111011111110010001111111100011000011001001111111110100111100101101110100010
1111010101100111111101101111010111111011111001110011110101001111011011011011110110010000011111011011101011101001111111111011010111101101111101001011101011101111
1011101110100110110101001101101101101111111111101010010100111000110111110100111101011011011011101011110011110111010011101011111001110010111100101100100101111011
1010010111101001101001111011101111000110111110110110000000111001110111100100100110110011100100100111111011110111101000111001010110011011001110100110111010010100
0011010010111100011110101111111111010101111010011010111001110011100111111111000000001111110101100010110111100010001111100010010001111101111011011111110111000001
1110100110010101011101011111111111010111011111011011100011011111010110001110001110111101111111101011110110011111101111110111100100001111101101110110111000101111
0011000000010111111111010110101011000100010110111101011111111111010001111010010101100101110110010101101001101111110111011110010111011011000010101101111111111110
1111001010001001101101011111111011001110011011101111011110011010001111011111011011001010101010101110011010011101010110111011111000111111000011111101011101110110
1100111101111111110100111110010000001101000111100111111011001110001101111101010101110111001111011011011111010111000001011011010000001111011111101111011100111000
1101101001001100101111011100111111000011011011011001000111010000001111101010001110000010100111100100110000111111001110111100101100101011111010101011110011110011
1001110111000101001101010111010010110111111111110001000011100111010110011001011010000010001010011011100011010010111110110111011001101100111101100011111100100010
1110110001010110001010100000011111110001001100111011011001111111111110011111010010001110111101110011101101110110011101110101111111100001111011111111011111110001
0011101110100101100110000000111111101000011101101100010111101010000011101010110100010110101111011100011100111000101111111011101011110111111111100100001111111110
0010110000101000101010001110010110111111110011011100111001001011100010111000111010011011010111010011111001101000111000011111110011111111110101100000000010010001
1110110011111111011011111101001111101111111001101100100011011101001110011011100111111101011110011000001011100110011100101100100111111111111110111110011101011111
0100101110111001111111111111110111001110011100001010110011100101001111001011111010000110110111011000101101101100111010010101010001011001011011101100000011011111
0111010010111110011111011001001011101110101001011101110000110011011111100001111101011001011011100010001010010110101001000000010011001000100110101000110111100101
0011010011011111000101010001011110110001011011101011110100011000001001001110111000010111100111111100000110011010111111000010111010001101101000010110110111011101
0001001011010111001011111001011110101100111111011110010000110111101011011110010110111010100010010111111111010010101111111110111011010100011000111001011110101011
1011011011011110111011111111010101110011110010101011101000110011100000001101111011011111010011011100011100011000001111110110011101110110111100001111000110011101
0111111000111101111110100101100101100111110010001011110010011100110010111110011111101111111101111010100101110111011111111011100111111001010111101111001100101101
0101011111101101111000111011111110101101111111111110001111111110011101011110110011011101110110101011111100100001101101100011111101011110110111100010111111100001
1000101010001101001011000011100101111001100001001001011010100001101111001011110101010000110011001001010001111101100110111101001010001001111000010101111100001100
0101111000011010110110101111011011110111010111111110101011111010101011001100001010111111011110000011011100110101011111011011110110111111011011111000101010111110
1110110111011101011111000111010111001001110111111010000001111011110100100110010110101011010111100111111110001110001001111110110111100000111110100101011101110011
0010110100010100100111011100000111101101110111011000010101110101101001010001001101001000011100001010100101100011111001100110111010010101010010110011110101010110
1100111110010110000010100110011110000110110110100111011111001011001111111111110110110100101011011101011011011011100100111111010111110111110111100101111110011101
0111111101000011111000101111101111000100111001101110111011011001110111110111011010110100001001111010000111111101001100101110110011011001101011100011001111111101
1111101101101111101010110011110000111101001111001000100110000000011101110111111001110101001011001100010011010110111011111101100111001011011110010100101100011101
1000111111100111111011111101001101110100111111010011110110010010010110110011110111001100001101111010101001100010101101100111110011011101100011111001011110110101
1001111011011110011010001010001110110010011011111100010011010011001110111101001110011111101101011010010110100101010011110100011110011111111110111101111110110110
1010101010100111111111010011100010111111110111011100010111101010101111101000110010011001011111011101001001011110111101010010111111011111101010001000001110011100
0000110011001001111011001111110010011110111011100101111111101111010010001111110110100010111000001011101000111100100101000001011111011100101011001010100110111101
0111000011110110100110110110010110000101010110110001100010001101010101011111101010110111001010100111110100011110101011100110001110101010100101000111101011110010
1110010001111101100110000110011001111100010010001010111111101000001110101111101001011111000011110101011010011010111101010111110101101111000011010110010010011110
1001110001111100110001011001010111100011110000000010110100011111111011011011010111111000111110110011100111101011111010011111011100010111101100111101011010100001
0110111011110101011111101110001111010100100101101110010011111111001011001100011101001101010100101011000111110111011001101001110110110101000111010111111000111111
0011011101101000111010011110010100011100011110111110111011011011001011111011011111010011100010111001101111001010011001111111010101110110111001100110111101011001
0100101011101010111000100110011101110010101001001001011100111111111000110011111011110010111010001110110101111101001011110111110011110110100111110001001101111101
0101001011100110011010111011011111111011101001011100100101011110110110100111011111000000000011110111001000011010001100011111111101111110111001010011111001110000
1011001001011101111100101011011010111111111011111111100011111111111101110101011000101101111001100110110111110000010111111101101001100101000010001000110100011111
1001100111010101011101101101011011101011011011110001111001111011100111111110001100110111010010010100101100111100100111110001111100010100111110100011100110011011
1101111110110110110100110111100111011111110110111011101001011101101111001101110001111111111111011101110101111111000010110111011111010010010101111111110011011111
0011100100100111101010111101011111000001010111001011111111100001110001110100111101111010011111110011010110100001110011111111110100101101001101010111111101010110
0101110110110001111100001010110111110101111100010010100001101110001101100110111101101001011110110000101001010010111101101001101011011101001110010011111101001100
1101100010011101111100100101011111110100001010011010111001111110111100100110111010011000111111011100111111101110110110110101110110011101000111000111011111001110
0010110001010111011110111000010010110101101001101110111001011011101101110111110101111010001111101111111001001110111111001010010100100101001111101110111101111101
1010111011010011010100001101011111010101111110111011100010100110001000111101011111111101001110111010101100110111111101001100111101011110100110010100111101101100
1101110100011001110111000100110111111010011101101101000110000001001110001111001111001110001010111011100000011101100110110011100001001100011110000000100111111110
0110101000101011111001101111001100110111111001000111011101111101010100110000011001110111001100101111111001110111101101010001011101111101101100011111000101101111
1000001001010010010010111010111010110111111011001110100011010101001110100110111110101100011111011111010101110111001100101001110010110001101100110011100011101011
1011001101101010010101010010100011111001111111111111101011010010100111101111010110111101000011110010110010111111111111001110111010111110100000111101111111001101
0010111001010011011100111111101111001001111111000100010111011011011110110010010101011110011011011101110100101011110111011011011101111111011010001011101110110101
1101100000011110100010001111010110101001101110111010011100101100011100100111101110110101111101011111011110111111011101110111101011101101111100001011001101011101
1100110101101111111110110001110101110100111111000011111101111010101101011010000101111000011101100100001111010001111010010101110010100111110101011110000111011010
1110101001111110001101011111111011111111111011111000001101110111110011111101011001010010000111011010101111111101011101110100100011011101001001011110111111111011
0011100011001111111011010110110111001010010100110111001111111010111011111101001000011110111010111111111111001010001011000011011100101111001010110111011100000011
0111011000011100110001011000010011111101011111011000110111011001001101111110101000111111101111001011110110100111101010011100110100011001111101001111110100111111
1010001110110011110111011101110100111110100010110000001010011000101011011110100101111110000110011010000001101111100100100111111010011011110111101101011110010111
0111011101001101110100111111110011111000011010101110010111010110110011101011101100001111001111010111011110011111011011010111100101101010111110101011100011101000
0110111010010011111100100101010011000110101110110111101001111110111000111101111111100111110011110001111111100001000111011101110111110100001101111111111111001100
0000110010111111011111100111011110001111101110111110111010111100011111111100110110101110011101010110011110111111110111111101111110001000111000000111111110011111
1011011111010001110000101110001011100011001000100010100101101101111111011011011111001110000101010010101101110111001000010001101010110000110110001111100101111101
1001111100100011000101100001000101101101010000101110010111101111101101100101111111011111010010110111111100111000100111100110111111100000110101111100000111011001
1110101000011110101100100111111001100000010111011011110011101011000101011110110001111110110101101011011111010111010000010111011001110111001100001001111000011111
1111000010000001111011010110011001101010101011011110010111111001111111010110100011111111001111111110101000000101011000001000111001110111001100001110111100110000
0101101011110000111000111010101011001111110111110001111001101110100110110111110011111011011100111001101110010101010110101110110111011100110001011010111001101111
1110111000101001011110111100110000010001001001010010001111111011101100001111010010101110100111001010101001011010011111111110011001111011110001101111111111101111
0111010101111011000101100111000000111110111101111101110110010110010011101001101111011011100011011111111110101010110011111000100010110010000001101011111011011011
1010110111100011011110101011110111010111001100010011110111100111101011111100110110111101000011010011010011101111001101100000001101101001001110101001110011001100
1000101001101000101011010111010111010000110100101101010110100010101111101011011111111111101011011111011000010110011000100011000010111001000111000011101110101110
1110111010011111011101010011110000011010100111111011011010111011011111110000110100010010011000110100111000111011001110010111001110001001001000001101011011110000
1011101010010111101111101100001111010101111010000111000111101011000111110110101111010011101110010000011110010000101000100101111101111011111111010111010110101011
1101000111111110001010111000101111110101011110110111111100111111101001011011111110011011010110101010101001111100001101110101001111101111010100011000111011100110
0101110101111111111010001100111110111111001111001110110001001111110000100101110011110010010111000101000011101101011111100110111111011110011110101000101001111000
0111111100000000001101110111010100001111001111110111010011011111011010101100101111110000001110101111011001011011011111000111110011111110100111111000000101011101
1101100000011011001010001011101101111100101001010101110100101110000100101111111001100000110001110110101011001101111110111011100101011110111111100110011011011100
1111011011010101011111011001011000100111000000011110101111111111101011110001111111110010111001101110011000111101101111110001000111101100111111011100101011110010
0101000110100101110101111010111100011111011111010101001000101011011111111101011110111010001011111011111101011111000111110001110110101100111110110110110101011111
0000001111000111101011010101111101110110010110111001100111011000010011011010101110111010111111101111111110000110110111111101111111101111010100101001001010001111
1100001111111101111111001111011011101011101010111011000011101100101010011101101001011101111101010011011111110000011001001011101100111101000111111100110100111011
1000010011011101111101100111011100110011000011001010111110010111101110110110101101011011110001001101000001000111001111111111011100011011001111010111111000010111
1100010111011011110010110000101001111111111011001001111111000101110011101110011111111000101011011001011011011011000000111110100101010010011100111110010010011100
0010001111111001111111011011111000011110111100010110101111101010011111110011001111011111010100011111111111101111111100101000111101100111110010010011111011100101
0011111110111011000001011001001111110101000111111101001111000010001100010110011010001011011110110011100110101110111011111111011101011111101111101011101110100111
1011110101001001111100011111111011110011101011101001011010110010101100100101011100001011110110110111111110101010101111111101110001101110101101100101101101111001
1110010110111000111111011111111110110111110111100000100111001101000010011110011101101011001000011100001001101000111101001110001111100100101110101100011111001001
1010101100111011100110001000110101100010111101101010010001000110111011110110110001010111111111001011110010011110111000100111110111100111101110001001001111011110
